0,1,4,6,8,11,14,15,16,17,18,20
1,2,3,4,5,8,10,12,14,15,17,20
9,10,13,14,15,16
1,7,8,10,11,12,13,14,15,16,20
3,6,7,9,12,16
1,2,3,7,8,10,11,13,14,15,19,20
0,4,7,8,11,14,15
1,6,8,9,11,12,15,18,19
4,5,11,12,13
0,1,2,4,5,7,8,9,13,16,19,20
0,3,4,6,9,12,15
0,2,4,5,6,8,14,16,17,18,19
1,3,4,5,7,9,13,14,15,19,20
4
3,7,12,15,20
2,3,6,7,8,9,10,11,12,14,16,19
3,9
5,7
3,8,9,16,20
1,6,9,11,12,18,19,20
0,3,5,7,8,9,11,13,15,16,20
2,8,9,14,18
0,1,5,6,7,9,12,13,14,15,16,17,18,20
1,5,7,8,10,13,16,17
13
1,2,3,4,6,9,11,12,13,17,20
0,5,11
1,2,4,5,6,10,12,13,15,16,19,20
1,2,6,8,13,16,17,18,19,20
12
4,6,10,11,12
1,3,4,5,6,8,10,18
0,1,3,6,14,15,16,19
7,8,13,18
0,3,6,7,9,13,16,20
2,3,4,5,6,11,12,14,18,19,20
0,4,7,11,13,14,15,17,20
4,5,8,11,16
0,3,6,7,8,9,10,11,12,13,14,15,17,19
7,10,11,13
0
2,3,6,10,12,19
11,17
0
1,2,3,4,6,8,10,12,13,15,16,17
0,3,10,12,15,16,18,19
2,3,5,7,8,9,12,13,14,15,16,18,19,20
1,2,3,8,10,13,15,20
3,4,5,9,12,14,20
4,5,12
9,17
0,1,2,3,4,6,12,13,16,20
10,19
2,7,8,9,12,13,16,17,18,19
0,1,3,4,5,6,8,11,12,13,15,19
0,2,5,6,7,8,10,12,14,15,16,17,19,20
0,1,2,5,8,10,12,13,17,19,20
12
1,3,14,16,19
0,4,5,6,7,9,10,11,12,13,14,17,18,19,20
0,1,2,3,4,5,7,8,12,13,14,19,20
2,3,5,14,20
1,4,11,13,15,16,17,19,20
4,5,6,8,9,10,11,14,17,18
0,3,4,9,10,12,13,20
6
2,3,4,6,7,8,10,11,12,13,15,17
1
2,3,4,5,12,13,15,17
0,1,2,3,5,6,11,14,16,17,19
1,2,3,4,5,6,12,15,16,18
5
2,3,4,7,8,10,11,13,14,20
7,8,9,12,13,16,17,20
8,11,17
1,2,3,4,5,6,11,14,15,16,18
4,15
0,3,4,5,7,9,12,15,18,20
1,2,3,5,7,13,14,15,19
0,4,5,6,8,10,11,12,13,17,19
1,6,7,9,11,13,14,16,17,20
0,5,8,14,20
3,4,5,7,8,10,12,15,17,19
1,6,8,11,14,16,17,19,20
1,5,8,9,13,15,16,18,19
4,6,8,10,12,14,16,17,19,20
0,2,3,4,7,8,9,10,11,12,14,15,20
6,18
1,2,8,10,11,13,16,18,20
5,8,9,11,14
1,4,14,19
5,8,11,14,15,16
4,17
8,12,14,15
0,6,8,9,15,20
0
2,3,4,5,7,11,13,14,16,18
2,7,8,10,11,12,14,15,17,18,19,20
4,5,10,14,20
4,5,17
1,3,4,5,6,9,14
0,1,6,9,12,13,18,19
3,10,12,15,16,17,18
1,2,4,5,9,11,12,13,14,16,20
1,13,17,19
0,2,4,5,6,9,12,14,15,16,18,20
1,7,8,9,16,17,19
6,8,9,10,13,17,18
1,5,10,17,19
3,4,11,12,15,16,17,18,19,20
0,1,5,6,7,9,10,11,12,14,15,18
18
19
17
4,9,10,13,14,15,17,18
2,3,4,5,6,8,10,13,17,18,19,20
0,4,7,12,15,18
1,2,4,6,7,8,9,10,12,14,16,17,18,20
0,2,3,4,5,6,7,8,10,11,13,15,16,19,20
1,6,11
0,1,3,6,8,10,19
0,2,3,8,11,12,15,18
0,2,3,4,5,6,10,11,12,13,18,20
1,2,5,7,8,10,12,14,16,17,18,19
8,19
3,8,10,13,15,18
0,5,8,10,11,12,13,16,18,19
8
0,5,8,10,15,16,17,18,19
1,2,4,5,8,12,14,15,16,20
1,2,3,5,7,9,15,16,18
0,1,2,4,5,7,12,13,16
3,6,7,10,12,17,19
3,9,11,12,14,16,17,18,20
0,1,3,4,11,14,17,18,20
20
1,4,5,7,9,17
1,2,3,4,5,6,8,10,11,12,15,20
0,1,2,3,4,9,13,16,17
0,1,2,3,4,5,7,9,12,14,15,16,19
3,4,6,7,9,12,13,14,15,17,19
4,8,10,11,16,17,18,19,20
4,16,20
0,1,4,5,7,8,10,12,14,19,20
4,9,10,11,13,14,16,18,19
8,11,12,13,15,18
0,5,7,11,13,14,18
0,2,6,8,10,14,19
0,1,8,17
1,4,5,6,7,8,13,14,15,19
0,1,3,4,8,11,13,17,18
14
0,3,4,6,7,8,11,12,13,14,15,17,19,20
2,3,4,9,10,11,13,15,17,18,19
0,1,2,3,7,8,9,11,13,14,16,18,20
6,7,9,11,20
0,4,6,10,11,12,14,16,17,18,19
0,1,2,3,5,6,12,17,19
4,6,8,9,17
6,8,18
11,13
7,16
0,2,5,8,13,14,15,19
9,15,16
7,10,14,16,19
18
2,5,7,9,16
0,1,8,13,17,19,20
0,1,2,4,5,7,8,10,13,14,19
0,1,2,8,9,11,15,19
0,11,13,17
0,3,4,10,15,16,18
0,3,4,6,8,9,10,11,12,15,19
6,9,12,19,20
2,5,7,8,10
7
0,3,7,8,9,11,15,16
4,8
1,2,3,4,5,8,9,10,12,14,16,20
0,1,2,6,7,8,14,15,16,18
0,2,6
1,3,4,9,14
0,2,3,4,5,7,9,11,15,16,17
4,7,8,11,13,16
1,4,5,10,11,15,19
2,3,4,7,14,18,19
1,2,7,8,10,12,13,15,17,18
2,4,12,14
0,1,2,5,7,9,11,13,14,15,18
2,3,5,10,11,12,19
1,3,5,7,12,14,15,19,20
3,4,5,6,7,9,11,15,16,19
15
0,3,5,7,8,10,11,12,13,15,16,18,19,20
0,2,3,4,5,8,9,10,11,12,19
1,3,4,5,9,11,15,16
0,2,4,14
2,9,16,19
1,2,3,6,12,20
1,3,4,5,7,11,12,13,16,19
3,4,5,6,11,13,15,16,17,18,19,20
1,2,5,7,9,11,15,19,20
0,2,5,6,7,8,9,11,12,13,16,17,20
0,6,8,9,11,12,13,14,16,18,20
8,16,18,20
0,3,4,5,6,7,10,14,15,16,17,20
1,2,3,5,6,7,12,15,16,18,19
0,11,15,18,20
0,2,7,9,10,11,13,14,15,18,19
11
0,2,3,4,5,8,11,14,16,18,19,20
4,9,14,15,16
1,3,10
0,1,2,4,5,6,7,9,11,20
1,2,4,5,7,9,11,12,13,15,17,18,19
0,1,2,3,8,11,13,15,16,17,19
2,4,8,11,14,15,17,18,19
0,1,2,3,4,5,10,11,12,14,15,17,18
1,5,10,14,16
0,1,15
0,1,3,4,7,9,13,16,18,19
0,3,4,5,6,11,12,13,16,17,19,20
2,3,6,8,12,17,18,19
4,5,8,9,12,13,15,17,18,20
4,11,13,15,16
5,6,7,8,9,10,12,15,20
1,2,4,5,13
4,9,11,15,19
3,8,9,10,11,13,18,20
2,3,5,7,9,11,13,14,15,17,18
3,6,14,18
4,5,6,12,15,16,17,18,19,20
0,1,5,6,7,8,14,16,17,19
1,10,13,16
3,7,10,12,15,16,19
0,2,3,4,7,11,12,18,19,20
6,19
0,1,2,10,12,14,15,16,17,18,20
14
2,5,7,14,17,19
2,15,18
6,19
1,7,13,14,16
1,3,5,6,8,11,14,19,20
0,1,2,4,5,6,7,13,14,16,17,20
0,1,3,4,5,6,11,12,13,17,19,20
8,12,13,15,17
0,1,3,6,7,11,12,15,17
0,1,2,6,10,11,16,18,20
2,5,8,11,12,14,15,17
0,2,5,6,10,12,14,15,17,18,20
6,8,11,17
1,2,4,5,10,15,19,20
10,12
0,1,10,11
1,2,4,5,7,8,12,13,20
0,1,3,9,10,11,16
0,2,4,8,10,11,12,17
6,11,12,13,16,19
1,3,4,7,8,11,13,14,17,20
0,3,6,8,9,12,17,19,20
0,1,3,4,6,9,12,13,14,17,19
1,3,6,8,10,12,19
2,3,4,8,10,12,15,16,18
4,14,15
5,6,8,10,11,13,14,15,16,18,20
2,3,9,11,17,20
4,6,12,19
0,1,2,3,4,5,10,12,13,14,18,19,20
0,2,3,4,9,10,11,12,14,19
0,1,2,4,5,7,11,13,14,15,20
4,7,8,9,10,15,17
6,14
1,2,3,8,10,11,12,16,20
0,3,4,5,8,11,12,13,14,15,17,20
0,1,2,4,5,8,10,11,13,14,15,17,18
0,2,3,6,8,9,11,12,13,16,17,19,20
0,1,2,3,4,5,7,9,11,12,13,15,18,20
8,11,19
1,2,3,5,6,7,9,12,14,15,16,17,19,20
4,6,7,9,11,13,15,17,19,20
3,5,10,11,12,14,15,16,18
0,6,17
0,1,4,5,6,7,8,9,10,13,18,19
1,6,7,10,15,18
1,2,5,15,16
1,17
2,3,5,10,13,17,18
1,12,13,15,17,19
0,1,3,4,12,20
0,6,19
6,10,13,14,15,17,18,19
0,1,4,14
1,2,3,5,6,8,9,10,11,16,20
0,1,2,5,8,9,11,14,16,17,20
9,10,16,17,18
5,10,19
9,18
2,3,4,7,8,15,19
0,4,5,6,7,8,10,11,12,14,15,16,17
1,4,5,6,7,8,9,12,13,14,19,20
1,6,9,10,12,15,16,17,18,20
2,4,6,7,9,11,13,14,15,16,18,19
2,4,7,8,9,10,11,12,14,16,17,19
3,5,6,8,9,12,14,19,20
1,6,11,13,15
2,5,8,9,11,12,18,19,20
1,2,3,4,7,8,16,17,19,20
0,1,2,3,6,7,11,13,16,17,18,20
1,5,9,12,13,14,16,17,19
1,5,9,19,20
0,5,6,7,10,13,14,16,17,19,20
0,2,3,4,5,6,7,8,11,14,16,19
0,1,6,7,8,9,12,16,18,20
4,6,8,9,10,11,14,16,17,18,20
4,6,7,11,14,15,18,20
0,1,2,3,5,6,9,11,12,13,15,16,19
0,2,3,4,7,8,10,11,13,14,17,20
1,3,4,10,12,13,15,16,17,18
9,14
8,9,19
3,4,15,19
3,4,10,17,19,20
0,5,7,10,11,14,15
1,2,8,13,16
0,2,3,4,6,8
0,2,7,10,11
0,2,5,6,7,8,9,14,17,18,19,20
2,4,5,7,9,12,13,14,17,20
14
6,12,13,14,15,16,20
3,6,10,12,13,18,19
3,5,11
0,1,4,14,16,17,18
0,1,4,5,8,9,12,14,16,20
0,4,7,8,9,10,11,15
19
0,3,4,5,6,7,9,10,11,13,17,18,20
2,18,19
0,3,4,5,6,11,12,14,15,16
2
5,6
0,3,6,7,9,10,11,15,16,20
3,4,5,8,9,10,11,14,16,19,20
0,1,2,3,6,7,14,18
0,2,3,4,5,10,11,14,15,17,18,19,20
0,6,7,13,20
1,2,12,15,16,17,19
1,3,4,9,13,14,15,17,18,19,20
9,20
2,7,8,11,12,14,15,18,19,20
10,13
1,9,10,11,12,15,16,18
1,2,4,5,7,11,13,15,16,17,18,19
9
1,3,6,11,15,17,18,19
4,8,9,12,13,14,15,16,17,18,20
2,9,12,13,17,18
0,2,3,8,10,11,12,14,17,19,20
0,2,4,5,9,12,13,14,16,18
0,2,3,8,9,10,12,14,15,16,17
7,9
0,7,9,16,19
3,6,8,10,18
0,2,3,4,5,6,10,11,12,13,16,17,19
2,4,5,7,8,9,10,11,12,15,19
9,13,19
0,8,9,13,14,16,17
8,9,11,13,16,17,19,20
0,1,2,3,5,6,9,10,12,13,15,16,19
0,4,7,9,10,11,15,16,17,18,20
8,9,10,11,15,20
3,6,7,8,9,10,11,12,13,14,17,18,19
1,2,3,5,7,11,12,13,19,20
0,3,4,6,8,10,11,12,13,14,19
1,2,6,7,8,9,11,14,15,17,18
1,2,3,4,5,6,8,9,12,13,15,17,18,20
3,15
0,1,4,7,8,13,15,18,19,20
1,3,4,5,6,7,9,12,15,20
3,5,6,14,17,18
7,10,13
0,1,7,8,10,11,12,14,15,17,20
0,1,3,4,5,8,10,12,13,16,17,18
2,3,11,16
3,7,9,10,11,15,16,20
6,7,12,15,16
0,3,8,12,13,14,15,17,18,19
1,3,9,10,13,19,20
1,2,3,5,6,7,8,9,10,12,14,16,17,19
2,3,6,9,12,13,16,19
6
1,3,4,7,16
2,3,6,9,11,13,16,20
1,3,5,6,7,12,14,15,17,19
0,1,2,8,9,10,12,14,15,16,18,20
2,3,4,7,8,9,10,11,13,16,17
6,7,10,16,20
0,5,18
0,2,3,4,8,9,12,13,15,16,18,19,20
1,3,5,6,8,9,10,11,12,16,17,18,19,20
1,2,6,19
1,2,3,5,7,8,10,11,12,14,15,17,19,20
15
4,13,14,15,17,18,20
14
4,8,10,12,14,17
0,1,4,6,7,10,11,12,14,15,17,19,20
1,5,7,10,12,13,15,17,19
0,1,3,5,7,8,9,14,20
3
8,9,13,14,18,19
0,1,3,4,5,6,7,10,11,13,14,15,18,20
0,1,5,7,9,10,11,12,14,15,16,18,19,20
8,9
5,8,10,17,20
5,11,14,17
5,6,12
2,5,8,9,11,13,17,18,19,20
1,2,5,7,9,10,11,15,17,18,19,20
3,4,8,10,12,15,16,18
0,1,2,3,4,5,7,9,10,13,15,18,19
1,2,4,5,6,8,9,10,13,17,18,20
0,1,2,6,7,8,9,13,14,16,17,19,20
6,9,10,12,18,20
7,11,15
2,3,5,6,8,9,14,19,20
5,6,9,13,15,17
15
2,3,11,14
0,1,2,5,6,13,14,19
0,1,3,6,9,11,12,16
3,13,14
4,8,11,12,13,15,17,19,20
1,2,6,7,8,15,16,17
9
2,3,5,13
4
1,2,3,11,13,14,19,20
3,4,6,12,19
1,10,13,18
3,5,6,7,11,13,18
8
0,1,16
1,7
0,1,3,4,6,7,9,11,19,20
4,8,9,12,20
8
1,5,7,9,19
0,1,2,5,11,15,17,18,19
0,1,2,4,5,6,7,8,9,10,13,15
3,4,8,9,10,11,12,15,16,17,19
0,1,2,4,5,7,8,12,13,15,16,18,19
0,1,3,8,9,12,14,18,19,20
0,6,7,8,14,17,18
0,1,2,7,8,12,13,16,17,18,19
1,20
3,8,11,12,13,16,18,19
1,2,3,6,8,9,10,11,17,18,20
9,13
1,3,8,13
2,3,4,5,6,9,11,13,15,16,18,19,20
0,3,4,5,6,7,10,13,16,19
0,2,3,5,7,11,12,13,14,16,18,19,20
1,4,5,6,9,12,14,15,17,20
6,9,13,20
1,4,9,11,15,17,19
0,1,2,3,5,6,7,8,9,10,13,15,16,18,19,20
1,2,3,5,6,7,10,12,15,17,20
2,4,8,12,17
1,2,3,4,7,17,18
6,13,18
1,2,5,11,12,14,15,16,17,20
0,1,6,7,8,11,13,15,16,17,18,19
16,18
7,10,18
1,4,6,8,10,11,13,17,18,19,20
1,4,8,9,13,15,16,18,20
4,17
0,5,6,8,13,14,19,20
0,4,5,6,7,8,9,10,11,13,14,17,20
11
2,4,6,11
0,2,3,4,5,10,11,12,13,14,15,17,18,19
0,1,2,3,4,5,9,11,13,16,18,20
0,5,6,7,8,10,13,16,18
0,1,3,6,13,14,15,16,18
0,2,3,5,6,7,8,13,16,20
0,3,5,8,11,12,13,15,16,17,18
19
0,3,5,6,7,8,9,10,11,17,18
0,1,2,3,7,10,11,12,13,14,15,16,17,18,19
2,8,12,14,15,17
5,16
0,1,2,3,4,8,10,13,16,19,20
5,6,8,14,15,19
1,7,10,12,14,15
10
3,16,20
2,3,4,5,6,8,9,17
6,13,14
13
0,8,11,12,13,14,16,18,20
0,1,2,5,7,8,9,11,12,16,17,19
3,7,15
1,4,5,7,10,11,12,13,14,19,20
2,7,13,17,19
3
7,9,10,13
0,1,5,7,8,9,11,12,15,18,19,20
0,3,4,6,7,10,12,17,18,20
0,2,3,4,5,6,7,9,10,16,18,19
1,12,14,17,18
0,2,3,4,10,11,15,17
0,1,2,3,5,7,9,10,13,14,17,18,19,20
2,3,6,9,12,15,20
1,2,3,5,6,7,8,10,11,14,20
1,2,4,9,13,16,18
1,2,3,4,8,10,16,20
1,3,4,6,7,8,9,10,11,13,14,16,18
3,5,6,8,12,13,17,19,20
7,8,10,11,19
0,1,4,6,7,11,12,13,14,15,17,18,19
0,5,6,7,10,12,13,15,16,17,18
1,2,3,4,5,6,7,8,11,15,17,18,19
2,3,6,16
1,3,4,6,7,8,10,12,14,17,18,19
0,4,5,6,13,14,15,18,19,20
2,3,4,7,10,13,15,16,17,19,20
4,5,7,14
0,7,8,11
0,7,15
0,4,14,16,18
2,3,4,5,6,7,8,9,10,11,14,16,18,19
0,1,3,7,8,10,12,15,16,19
0,2,5,6,7,9,10,11,15,16,17,18,19,20
1,2,3,5,7,11,14,19
2,3,10,14,16,19,20
10,16
1,2,5,6,7,8,9,10,11,13,14,18
1,6,9,10,16,19,20
0,1,2,5,9,10,13,16,17
16,17,19
1,8,9,10
0,1,2,3,4,5,6,7,11,12,14,18
0,2,11,13,15
1,2,5,6,8,9,11,12,13,17,18,19
0,1,2,3,5,6,7,9,10,11,12,14,17,20
1,2,3,4,7,9,10,13,17
1,2,4,7,8,14,16,18,20
0,1,9,10,11,12,13,18,20
2,4,5,7,12,13,14,15,17,18,19,20
2,5,13,20
2,9,18,20
0,3,5,6,7,8,9,10,12,14,19
13,15,17
0,3,7,10,11,14,19
0,1,2,3,4,6,7,8,14,15,16,17,20
1,6,10,11,12,13,14,17,19
1,4,5,6,10,11,12,16,17,18
1,2,3,4,7,8,9,12,15,18,20
0,10,11,12,18
0,1,4,5,9,12,13,17,18,20
0,1,5,7,9,10,13,14,16,17,18,19,20
0,2,5,6,8,9,10,11,12,13,15,17,18,19,20
5
1,2,3,5,6,10,13,14,16,17
10,13
0,2,6,7,8,9,10,11,12,14,16,17,19
2,3,7,10,14,17,20
0,1,7,11,13,19
2,5,7,10,12,14,15,16,17,19
0,2,5,6,7,8,9,13,14,15,16,18,19
0,2,6,11,13
0,5,7,10,18
19
1,5,6,7,9,10,12,14,15,18
1,10,11,16,17
2,3,4,6,7,9,10,11,14,15,17,20
3,4,12,15,20
1,2,3,4,5,9,11,18,20
2,5,8,15,16
1,2,3,4,5,6,9,10,14,16,17,18,19,20
5,7,12
0,1,4,7,8,9,11,12,13,15,17,18,20
0,2,3,5,9,11,19,20
0,1,5,6,7,8,11,12,13,16,18,19,20
3,4,10
1,3,4,19
3,5,8,9,11,17
0,1,5,7,8,9,12,13,15,16,17,18,20
0,1,3,4,5,6,7,11,13,18,19,20
0,7,8,9,10,12,13,15,16,18,20
1,4,5,7,10,19,20
0,5,6,8,14,15,16,18
0,3,9,10,11,12,14,15,16,18,20
15
0,1,18,20
2,3,5,6,8,11,13,14,17,18,19
2,3,5,6,7,8,9,11,12,13,14,16,17,18,19,20
4,5,10,11,14,15,16,17,18
6,7,9,14,20
1,2,6,14,19
2,3,4,14
1,6,16,17
8,9,10,13,17,19
2,3,5,6,8,9,15,17
0,1,4,5,8,10,11,14,16,17,18,19
0,2,5,7,8,10,12,13,16,19
0,2,7,10,17,18,20
0,2,4,8,14,16,18,19
0,1,3,5,9,11,12,13,16,18
2,4,6,9,11,18
5,10,14,16
2,14,16
0,4,6,7,9,10,11,16,19
4,5,12,14,16,20
12,14,16
1,7,13,19
4,11,15,19
1,2,3,5,6,7,8,9,11,12,15,16,18,19
0,1,3,4,7,9,10,11,13,15,16,17,19
17
0,2,3,13,14,17,18,19,20
0,3,5,10,12,13,14,20
0,3,4,6,7,8,10,11,13,18,20
18
5,11,14
0,1,2,3,5,8,12,14,15,16,18,19,20
0,2,3,4,6,8,10,11,13,16,17,18,19,20
2,5,6,9,10,11,13,16,17
0,2,6,8,10,11,15,18,19
2,4,8,9,12,13,14,15,16,17,18
0,4,5,6,8,9,10,15,16,18,19,20
16,17
0,2,3,4,5,6,10,12,14,16,17,18,20
4,5,6,8,9,10,11,14,16,17,20
0,1,2,4,5,6,7,9,10,13,16,18,19,20
3,7,8,11,14,18,20
2,4,5,6,11,12,14,16,17,18,20
0,2,3,6,7,8,13,15
1,3,9,12,19
0,4,5,6,9,10,13,16,18,19
0,3,4,6,7,8,9,13,14,16,17,18,20
4,9,10,11,14,16,17,19,20
7,10,12,13,14,18
1,2,3,5,7,8,9,11,13,14,15,16,17,18,19
2,6,8,9,12,14,17,18,20
0,4,5,6,7,8,10,13,20
2,3,8,10,12,13,14,17,18,19
1,2,4,9,10,11,13,14,16,20
0,4,6,7,8,11,13,14,15,16,17
0,3,5,10,13,15,18,19,20
3,16
0,2,3,5,7,8,9,10,11,13,14,15,17,20
7,11,16
5,6,7,8,9,10,14,15,16,17,20
2,5,6,13,15,16,18,19,20
1,2,6,7,9,19
3,5,12,13
0,2,7,12
1,2,7,10,13,18,19
5,10,14,15
0,1,3,7,8,9,10,11,13,17,18,19,20
2,3,5,7,8,9,10,11,12,13,16,17,18
3,4,9,14,20
4,5,10,11,13,17
0,4,5,6,7,8,9,10,13,17
3,6,9,10,11,13
6,13
3,4,5,10,11,12,14,16,18,19,20
0,1,2,3,4,8,11,12,14,15,17,18
6,7
0,3,4,5,7,8,9,10,11,13,15,18
5,6,11,13,15,16
1,2,6,8,9,10,12,15,16,18
0,1,3,5,6,8,9,10,12,13,14,16,17,18,19,20
1
2,3,7,8,11,16,18
0,1,4,5,6,7,9,12,16,18,20
8
0,1,2,3,4,7,9,11,12,13,16
1,5,11,12,15,17,18
0,2,3,4,6,7,8,9,10,11,12,13,18,19
0,3,4,5,6,8,9,10,11,12,16,17,18,19,20
0,1,2,3,6,10,11,13,18,20
3,5,17
5,14
5,6,7,8,10,11,16,17,18,19,20
0,1,3,4,6,7,8,9,10,12,17,18,20
1,2,3,7,10,11,12,13,15,16,17,18,19
0,5,6,8,12,15,16,20
1,3,4,5,6,10,12,14,16,20
1,2,12,15
0,3,7,11,12,15,19,20
1,2,3,7,11,12,13,16
3,4,5,6,7,8,10,15,16,19
4,6,7,8,10,13,16,17,18,19,20
0,1,2,3,5,7,8,9,10,13,14,19,20
2,3,4,5,7,8,10,11,13,18,19,20
1,2,10,12
0,3,4,8,9,13,15,20
2,9,20
4,6,7,8,14,16,18,19,20
1,2,4,8,19,20
0,1,4,9,10,11,12,14,16,18,19
2,5,6,8,11,16,20
0,2,4,6,7,8,11,12,14,15,16,19
3,4,5,7,8,11,16,18,19
1,6,7,10,12,13,14,15,17,18,20
0,3,4,5,8,9,11,12,13,14,17,19
2,4,5,7,9,10,13,14,15,18
3,9,10,13,16
0,1,2,3,4,6,9,11,12,13,14,15,17,19
13
0,18
1,4,7,9,10,15,16,20
0,2,3,4,5,6,8,9,10,12,15,16,19
0,2,5,7,9,13
1,5,10,12,14,20
2,5,15
7,18
0,2,8,13,15,16,20
1,2,3,4,6,7,15,17,18,19
11,17
5,13,16
7,15
2,5,7,8,16
0,4,7,8,10,15,16,17,19
1,2,4,7,12,13,15,17
1,2,3,4,6,7,8,11,12,13,15,16,18,19
1,10,11,13,15
3,6,9,12,14,17,19
1,2,4,5,6,10,12,14,16,17,19,20
0,4,5,7,10,12,14,17,20
1,2,5,6,7,13
0,1,2,5,6,7,8,9,11,12
13
0,1,3,5,7,10,12,14,15,16,17,18,19
0,1,2,4,5,6,8,9,10,12,13,15,16,17,18,19
13
0,1,3,5,6,10,14,18,19,20
0,2,3,12,13,14,17,18
0,1,3,4,9,10,13,14,19,20
6,7,9,10,17,19
4,6,12,19
0,5,7,10,11
6,7,9,10,14,18,20
3,7,9,10,11,15,17,19
0,1,5,6,9,15,18
3,8,11,12,13,15,19,20
14
1,4,6,9,10,14,15,16,17,18
0,1,3,4,6,7,11,13,14,15,18,19
1,2,3,4,8,9,11,15,16,20
7,11,12,13,14,15,19,20
0,1,2,4,6,7,9,10,12,13,14,15,16,17,19,20
0,3,4,7,8,10,11,13,15,16,20
2,3,5,6,7,8,9,10,11,12,15,16,17,18,20
8
11,19
2,4,5,6,11,13,14,15,19
1,4,8,9,18
0,16,17
5,6,7,8,15,16
8,12,17
0,2,6,7,8,9,14,15,16,17,18,20
1,2,5,7,8,9,15,16,17,19,20
4,7,8,10,12,14,20
1,13
18,19
16
0,2,4,6,8,11,14,17,19
2,3,4,5,8,9,11,14,15,17,18,19,20
4,7,8,11
0,2,4,6,8,13,14,15,16,17,18,20
0,2,5,7,9,12,13,17,19
2,5,6,12,13,17,19
1,4,5,7,8,11,13,14,17,19,20
8
4,8,11,13,14,16,17,18
4,12,15
2,7,8,9,10,11,14,17
0,2,3,4,13
2,4,7,8,15
0,3,4,5,7,8,9,11,13,14,18,20
0,1,3,4,6,10,11,13,14,15,16
20
17,18
0,4,5,7,15,18
2,4,9,10,11,17,18
1,2,5,6,9,12,20
5,6,7,9,11,12
7,9,10,11
0,1,4,5,6,7,9,10,12,15,17,20
15,16,18
1,2,5,7,9,10,12,14,16,18,19
0,1,3,4,5,7,8,10,11,12,13,14,16,18,19
6,15
1,3,11,12,16,17,19
0,2,3,7,8,9,10,13,15,19
0,3,4,5,6,9,10,12,13,14,16,18,19
0,1,4,10,13,14,16,20
2,6,11
0,5,8,10,12,13,14,15,16,17
2,7,8,10,11,17,18
1,4,5,8,10,11,14,18
4,17
1,3,4,8,12,17
5,10,12,14
0,9,10,12,18
1,2,7,9,12,13,14,16,19,20
5,7,9,11,14,16,17,18,19
0,4,5,6,7,8,16,18,20
1,3,6,7,8,10,12,13,15,17,19
1,2,4,5,6,9,10,14,15,17,19,20
0,3,4,5,6,7,9,11,12,16,19,20
1,2,3,4,10,12,15,16,18
2,3,4,5,6,7,9,10,11,13,14,15,16,17,20
0,1,5,7,9,10,11,12,15
0,4,6,14
5,9,10
12,16
1,2,3,4,7,8,9,10,11,12,13,15,17,18,19,20
4,5,6,8,11,14,16,17,18,20
2,3,4,5,8,13,17,18
3,5,6,9,10,12,13,14,16,17,19
5,8,10,12,13,15
4,7,8,10,12,13,18,19,20
1,2,3,6,7,12,14,16,17,19
0,2,3,11,13,16,17,19
0,1,2,4,6,8,9,10,11,13,14,16,20
0,2,5,6,8,9,11,12,13,14,16,17,20
0,6,7,8,9,11,12,14,19,20
1,2,3,4,5,6,7,9,12,14,15,18,19,20
0,3,8,11,12,13,15,16,18,19,20
6,13
1,2,5,6,7,9,11,12,14,15,19
3,5,6,9,17,18
0,1,2,4,7,10,11,12,18,19,20
9,12,13,14
0,1,2,3,5,6,7,8,12,13,14,18
0,2,4,9,13,18,20
0,6,7,10,12
3,6,9,11,12,13,15,16,18,19,20
0,1,2,3,4,8,10,14,15,17,19,20
0,4,5,7,8,10,12,14,15,16,18,19,20
1,7,8,11,13,15,19
1,3,4,5,6,8,9,11,14,18,19
6,10
0,8,13,16,18
2,6,7,8,9,10,11,12,13,14,16,17
0,3,6,9,10,12,15,16,19,20
4
7,8,9,16,20
1,3,7,8,9,12,13,15,18
0,1,3,6,8,10,13,14,15,16,17,18,19
0,1,4,6,7,8,9,10,13,15,18
0,1,2,4,6,7,8,11,16,17,18,19
0,1,2,3,4,5,10,11,13,14,16,20
3,14,18
0,1,2,7,8,9,10,14,15,16,17,18
1,2,15,16,17,20
5,11,13,16
2,6,7,17,19
2,8,10,12,13,14,16,17
0,2,5,6,8,16,18,19
0,3,8,10,11,12,13,18,20
2,5,7,8,9,10,12,14,16,17,20
5,8,11
9,14,17
2,3,5,9,11,14,17,19,20
0,2,3,4,5,13,19
0,8
0,2,3,4,6,9,13,15,16,18,20
7,9,13
0,2,5,6,7,9,11,12,15,17,19,20
0,1,3,4,6,7,9,11,12,13,17,19
1,4,5,6,8,9,14,15,19,20
2,8,9,15,16,19,20
1,3,5,7,9,10,11,13,15,16,19,20
0,2,4,5,6,7,8,9,11,13,14,16,17,18,19
1,3,4,6,9,10,12,14,16,18
3,6,8,10
2,3,4,7,8,9,11,13,14,18,20
1,2,4,7,8,11,13,16,17,18,20
1,3,5,12,14,15,17
7,16,20
3,19
0,1,3,4,6,9,10,11,13,14,16,17,20
0,6,7,8,9,10,11,12,13,14,15,18
0,2,4,6,10,11,13,14,16,19,20
6
0,1,2,3,4,6,7,8,9,11,16,18,19,20
1,4,11,12,16,20
0,1,3,5,7,9,11,12,14,16,17,19
1,2,3,4,5,6,11,13,14,16
0,1,3,4,7,8,9,10,11,12,16,18,19,20
2,5,6,9,14
5,11,12,14,16,18,20
0,2,4,5,9,10,11,14,17,19,20
2,3,5,6,7,9,10,11,12,13,14,17,18,19,20
0,2,3,7,11
8,20
4,7,14,19
3,4,8,15,18,19
3,5,7,10,12,14,16,18,19,20
1,16
0,1,3,4,5,7,12,14,15,16,17,18,20
0,2,7,9,13,14,16,18
0,5,11,12,16,17,18
0,6,7,9,19
2,3,10,12,13,14,15,16,18,19,20
2,6,8,16,17,20
1,5,6,7,9,12,13,15,16
0,2,3,9,10,11,14,15,16,17,20
5,7,9,15,19
1,2,3,4,5,7,8,10,11,12,13,14,15,16,20
1,3,6,9,10,11,13,16,17,19,20
8,12,13
4,5,6,7,8,11,13,14,15,17,18,19
1,2,3,7,8,10,11,13,14,15,16,17,20
0,4,5,6,7,11,17
1,5,7,10,12,15,16,17,18,19,20
14,17,20
3,4,5,10,11,12,15,16,17,18,19
1,5,14,20
1,2,5,6,9,10,11,13,14,15,19
4,6,9,10,15,17,20
0,1,2,5,6,7,8,12,13,15,16,20
2,7,8,13,14,15,20
1,2,5,9,10,15
0,1,4,6,7,12,14,17,19,20
10
1,2,6,9,12,14,18,19
18
0,1,2,3,5,20
0,1,2,4,6,9,10,11,12,14,17,20
1,2,3,5,6,10,12,13,17,18,20
20
1,3,5,6,9,10,15,20
1,2,5,7,10,11,18,20
0,2,4,7,8,9,10,12,13,17,18,19,20
20
3,5,6,7,8,9,10,15,17,18,19,20
1,4,5,6,7,8,10,11,12,14,17,20
5,6
0,2,6,7,8,9,10,12,13,15,18,19,20
1,3,4,5,7,9,10,11,16,17,18,19,20
3,5,9,13,15,16,18,19
2,4,7,8,11,12,13,14,15,17,18,19,20
3,6,7,10,13,16,18
1,2,3,7,8,9,11,12,13,14,16,19
0,1,3,4,7,8,9,11,12,13,16,17,20
3,13,18
1,2,4,6,9,16,17,18,20
3,4,8,9,10,17,18,19
2,12,14,17,20
0,1,3,5,7,18
7,16,17
3,5,6,7,8,9,10,11,12,14,19
2,8,9,13,15,16,20
0,4,7,8,9,10,13,18,20
0,1,2,3,5,6,8,9,11,14,18,19,20
0,1,4,9,10,11,12,14,16,17,20
0,2,3,5,7,9,10,13,14,15,16,17
8,9,16
0,1,3,12
0,2,3,8,15,16,18
2,13
0,3,6,7,10,11,13,14,16,19,20
7,8,10,13,14,16,18
3,11,13,16,20
9
0,2,14,15,17,18,20
1,4,5,6,7,8,10,13,15,16,17,18,19
6,9,12,17
0,1,4,5,6,7,11,12,14,17,19,20
0,1,2,3,5,7,11,16,17,20
12
0,13,14,15,16,17,19
4,8,9,12,14,17
10,11,13,14,15
4,13
0,2,3,6,9,13,17,19
0,2,3,4,5,6,7,8,12,13,14,16,18,19
5
16
8
3,4,6,8,12,16,17
7,10,11,13,14,15,19,20
4,13,14,15,17
0,3,4,6,7,8,15,18
0,2,4,8,10,16,17,18
1,2,3,6,7,14,15
0,1,2,4,13,16,17,18
1,9,17
0,2,6,8,10,12,14,15,16,20
4,13,16
0,2,3,5,6,7,9,10,11,12,14,15,17,19,20
6,8,10,12,15,19
12
0,1,2,4,5,9,11,12,13,14,17,19
9,18,19
0,2,4,6,8,9,12,17,18
0,2,4,6,7,8,9,11,13,15,16,20
0,7,9,10,11,13,14,15,16,17,20
0,1,4,5,6,8,10,11,12,13,14,15,18,19,20
2,4,5,7,8,12,15,16,17,19
2,4,5,8,10,11,14,19,20
1,2,3,5,8,10,11,12,13,14,15,16,18,20
7,8,17
0,7,8,9,10,17,19
1,4,5,6,9,13,14,15,16,18
1,4,5,8,10,15,16,18,19
0,1,2,4,5,6,7,8,10,11,12,13,15,16,19
0,2,3,5,7,9,15,17,19,20
0,4
0,1,3,5,13,14,16,17,18,19,20
1,2,3,5,6,7,9,11,13,16,17
1,2,3,4,5,6,7,8,9,11,12,14,17,20
1,2,3,4,6,7,10,12,14,15,16,17,18,19,20
0,1,5,7,9,10,12,13,14,15,16,17,19
0,1,2,4,6,11,12,14,16,17,18,19
0,8,9,15
5,7,9,13,14,17
1,5,6,7,8,10,13,14,15,16,19,20
0,12,13,14,18,19
6,11,12,17
0,3,7,8,9,10,11,13,15,17,18,19,20
1,8
1,4,9,12,13,16,20
2,4,6,9,12,17,20
12,15,16
1,7,8,16
2,5,11,15
1,15,16,17,20
1,2,4,7,12,14,19
1,4,6,9,12,15,16,17,18
0,2,3,6,10,11,12,13,14,15,16,17,18,20
2,3,6,12,17
0,8,9,11,17,18
8,12,17,19
5,19
2,11,15,16,19
14
2,3,4,9,12,15
0,3,4,9,10,11,12,13,19
1,2,4,9,10,12,13,14,16,19,20
1,3,5,7,12,14,15,16,18
3,4,5,7,9,10,12,13,15,16,19
1,3,9,11,12,13,14,15,17,18,20
1,2,3,4,7,8,9,12,14,16
4,5,6,8,11,13,14,17,20
0,5,8,12,15,17,20
5,7,18
3,4,13,15,16,20
4,8,14
5,7,14,15,19
10,13,15,16,17
0,7,14,16,20
14,18
1,3,5,6,9,11,13,16
5,17
0,1,3,5,8,11,12,13,15,16,17,18,19,20
3,4,5,6,8,10,11,12,16,18
2,5,11,12,13,14,15,16,17,20
0,5,13
1,2,4,6,7,14,15,16,19
2,3,5,6,8,10,12,16,20
1,4,6,10,13,15,17,19
0,2,5,6,7,8,9,13,14,19
3,9,12,13,18
6,8,16,18
0,3,4,6,7,8,11,12,13,14,15,17,20
5
3,9,11,14,15,16,18,19
1,3,10,14,15,16,17,18
4,5,6,9,13,14,17,19,20
1,2,10,15,16,17,19,20
0,2,4,6,8,10,11,12,13,17,18,19
2,3,5,9,10,12,17
2,6,7,8,9,10,12,14,16,19,20
0,2,3,7,10,11,13,15,20
1,3,5,7,9,10,12,13,16,18,19,20
0,17,18
2,5,6,8,11,13,14,15,16,18,19
0,1,2,3,5,7,9,13,14,16,17,20
0,7,8,9,12,14,16,19
13,14
1,4,6,8,9,16,17,18,19,20
0,1,5,7,8,10,11,13,15,19
4,8,10,20
1,2,3,4,8,10,11,12,13,15
0,2,3,4,5,6,8,10,12,13,14,16,17,19
0,1,7,10,11,13,15,17,20
1,2,4,7,10,11,12,13,14,15,16,18
4,12
1,2,18
1,2,7,9,10,11,12,13,14,15,18,19
8
4,13,18
1,2,7,10,11,12,15,16,17,19
0,5,7,9,10,12,13,17,20
1,3,8,9,10,11,12,14,15,16,18,20
1,2,4,5,6,7,8,10,11,12,13,14,15,19,20
3,4,9,10,11,14,15,16
2,5,7,8,17,18
9,13,16
2,4,10,12,13,14,16,18,19
6,7,9,10,12,14,17
1,2,4,5,6,8,9,13,17,18,20
3,4,6,12,16,17,18,19
3,7,14,15,18
0,4,9,11,13,15,17,18
0,1,2,3,4,5,7,8,11,15,17,18,19,20
0,1,4,5,11,14
1,7,9
5,12
0,1,4,5,6,7,8,9,11,12,13,14,15,17,18,19
0,7,8,9,11,12,14,18,19
0,1,2,4,6,8,10,12,13,17,18,19
0
0,1,12,13,14,15,20
0,8,10,13,16,17
0,3,4,5,10,12,13,14,16,18,19,20
2,3,4,8,10,15,19
0,1,3,4,5,7,8,9,10,11,12,15,19
0,1,4,6,9,10,13,15,17,19,20
0,1,11,13,16,17,20
0,14
9,10,15,16,20
0,1,2,3,4,6,12,16,17,19,20
2,3,4,6,9,11,14,16,17
1,5,6,7,8,9,11,16,18
1,5,6,7,10,11,16,17,19
2,4,6,9,11,12,14,15,16,17,20
1,2,10,12,13,14,18,19,20
2,3,6,8,10,11,12,13,14,16,17,19
0,4,7,8,9,10,11,12,15,16,19
0,6,14,15
0,10,15,17
17,20
3,4,5,9,10,12,14,16,17
1,3,4,5,6,7,8,12,14,17,19,20
0,1,2,3,4,5,6,12,13,16,18,19,20
5,6,7,9,12,13,14,15,16,17,20
1,2,3,4,7,8,9,11,12,13,14,17
0,3,4,5,7,10,13,14,20
0,2,4,5,7,8,13,14,15,16,17,18,19
2,3,4,5,6,16,18
1,2,5,6,8,9,11,13,18
3,4,9,16,19
2,11,13,15,18
3,5,8,10,12,13,15,17,19
10,11,14
1,2,3,8,10,11,13,15,16,19
4,7,8,19
0,3,4,6,7,10,11,12,14,16,17,19,20
0,2,3,4,6,8,12,13,14,15,16,18
5,6,7,8,10,11,13,17,18,19,20
3,5,11,12,15,16
1,3,4,5,7,10,14,17
1,7,8,10,11,13,15,16
2,7,8,9,10,11,12,13,14,15,16,18,19,20
0,1,3,6,7,8,10,11,12,13,14,17,20
0,1,2,9,11,13,14,20
0,1,2,4,13,14,16,18
4,11,12,13,19,20
2,5,9,10,15,20
0,6,7,10,13,14,16,17,18,19
0,3,8,14,19
0,2,9,12,15,17,18
3,4,5,13
2,6,10,17,18
2,3,6,14,17
0,2,3,5,8,11,13,14,15,16,17,18,20
2,7,12,17,18
4,6,8,11,15,16,18
4
1,3,7,9,12,16,18,20
0,3,4,7,10,12,17,20
1,3,8,12,15,17,20
0,4,20
1,4,5,6,9,13,15,17,18,19,20
0,1,2,5,6,8,13,15,16,19,20
1,2,3,5,8,11,16,17,18,19
17
1,2,3,4,7,8,13,14,16,18,19
16
0,1,2,3,6,9,10,11,15,16,17
1,3,4,6,8,10,12,14,16,17,19,20
5,6,7,10,11,15,17
1,2,3,7,8,10,15,16
0,3,4,9,11,15,18,19,20
3,6,10,12,13,14,15,16
1,6,7,8,10,11,12,13,17,19,20
0,1,2,3,6,7,9,10,12,18,19,20
0,2,3,5,6,8,10,12,16,19
1,3,7,10,11
0,1,2,4,7,8,13,14,16,17,19,20
1,2,6,7,8,9,11,14,16,20
1,3,6,8,9,11,12,17
4,7,14,16,17,20
8,9,13,14,16
4,5,8,12,13,14,16,17,18,20
1,2,3,5,8,9,12,14,16,17,18,20
11
7,11,15,16
0,1,2,4,5,7,19
3,5,8,12,16
1,2,3,8,10,11,14,17
0,4,5,6,9,15,16
11,13,14,15
2
1,2,3,4,5,6,7,12,13,15
0,1,3,4,5,6,8,11,12,13,15,18
0,2,3,6,7,8,9,10,14,15,16,17,19,20
2,4,8,13,14,17
0,1,3,5,6,11,12,14,15,17,18
0,1,2,6,9,11,13,14,15,17,19,20
3,4,5,6,8,9,14,18
0,1,2,4,6,9,10,13,14,15,16,18,19
1,2,4,6,10,11,12,14,16,19,20
0,3,6,7,10,11,13,14,15,17,19,20
2,3,4,5,8,9,13,14,16
2,3,5,6,7,8,9,10,11,13,14,15,18,20
4,6,19,20
1,2,4,6,8,11,12,14,15,16,19
2,4,7,16,17,19
0,1,2,3,4,6,9,12,13,14,15,16,18,19,20
1,3,4,8,10,11,12,13,15,16,19,20
1,2,5,6,10,11,12,14,15,16,19,20
18,20
1,2,4,8,10,11,12,14,15,16,17,20
0,1,13
3,7,10,16,18
5,7,9,11,14,20
0,3,4,5,6,7,13,15,19,20
0,2,5,6,7,8,9,10,12,14,16,17,18
3,4,6,8,9,10,12,13,15,17,19,20
0,2,3,4,6,9,10,11,15,17,18,19,20
0,1,3,6,8,10,13,14,20
4,10,11,17
1,2,4,5,7,8,17,19
1,2,3,4,16,17
1,3,4,5,8,9,11,13,14,15,20
1,5,6,8,10,12,14,15,19
1,4,5,7,8,9,10,12,13,14,17,18
0,1,4,7,12,14,15,16,18,20
0,1,2,3,6,7,8,9,12,14,17,19,20
0,1,4,5,8,10,12,13,19
0,1,3,4,6,7,10,11,13,14,20
3,8,9,14,16
0,3,4,8,11,12,15,18
0,1,2,5,7,11,12,14,15,16,17,19
6,7,13,17,18,19
20
1,2,6,8,9,13,14,15,16,18
0,5,8,9,13,14,18
0,1,3,4,7,10,11,12,13,16,17,18,20
3,6,7,12,15,16,18,19
0,1,4,6,7,8,11,16,17,19,20
0,3,4,5,6,10,11,15,16,19,20
0,2,6,14
6,10,11
0,1,2,3,5,7,11,16,17,18
0,9,20
10,16,20
0,6,7,10,15,16,18
3,17
0,5,7,9,12,14,15,16
0,3,6,7,9,13,16,18
0
2,14,17
0,1,7,8,13,15,20
4,6,11,13,14,15,17,18
1,2,10,11,13,14,15,16,17,19
2,5,8,10,11,12,14,15,16,17,18,20
1,2,4,6,9,10,12,13,16
5,7,11,12,13,17
0,4,5,6,9,10,11,12,13,15,16,17,18,20
1,4,6,7,8,14,15,16,17,19
1,2,3,5,7,8,12,15,19
1,2,3,4,8,10,17,20
2,3,5,6,9,10,12,13,15,16,17,18
6,9,15,19
2,3,4,6,7,8,10,11,16,18
1,2,4,6,7,11,13,14,15,17,18,20
2,3,6,11,15,17,18,19,20
0,1,2,4,8,9,11,12,15,16,17,19,20
1,3,9,10,13,18,20
0,4,6,7,12,14,18
4,7,8,11,18
0,4,9,13,20
0,1,10,11,20
0,7,9,11,18,20
3,4,5,6,7,9,12,13,14,16,19
4,5,20
1,3,13,14,15,16,18,20
15,19
14,16,20
1,2,3,4,5,6,7,9,11,12,14,15,16,18
20
0,1,2,3,7,8,11,13,14,15,17,18,19,20
0,1,2,5,6,7,9,10,11,12,20
0,4,5,9,12,13,20
0,1,5,11,16
5,7,9,10,12,15,16,17
1,2,3,6,7,8,9,11,12,13,18,19,20
0,1,2,4,5,6,10,11,14,15,17,18
5,14,20
0,3,4,7,11,15,16
5,13,16,18
0,2,4,6,10,12,13,16,17,20
1,2,3,5,11,12,13,17,19
0,8,11,13,19
8,13,15,16
3,6,8,10,11,13,16,17,18
0,1,3,4,5,9,10,13,14,16,18,19
0,1,4,5,6,7,8,10,11,16,17,18,19
0,1,10,12,13,16,17,18,20
1,2,3,5,7,9,12,13,14,16,19,20
0,2,3,6,7,8,9,11,12,17
0,1,2,4,5,6,7,9,11,16,18,19
0,4,6,8,11,13,16,17,18,19,20
0,1,3,4,6,8,9,10,14,15,19,20
0,1,2,3,4,5,6,8,10,12,14,16,17,19
3,18
0,2,3,5,6,8,10,12,14,15,18,20
1,2,3,15,17,18
0,3,6,11
2,9,11,12,16,17,18,19
0,3,9,19
15,16,17,18
0,1,3,8,10,11,12,20
0,1,3,5,6,11,12,15,17,18,19,20
0,4,5,6,11,14,15,16,17,18,19
6,11,13,14,15,17
11,12
0,1,2,3,4,5,6,7,9,11,14,15,17,20
1,2,6,7,8,9,12,13,16,17,18
1,2,5,6,8,11,15,18,19
0,1,3,4,7,11,14,18
0,2,3,5,6,10,11,13,15,19,20
1,2,3,9,14,16,18,20
3,4,5,6,8,9,10,14,15,18,20
0,1,4,5,6,7,12,15,16,17,18,19,20
1,2,5,7,8,9,12,13,15,16,19
0,2,7,10,12,13,14,15,16,17,20
5,8,15,17,18,19,20
16
4,5,7,9,13,18,20
0,1,2,6,7,9,10,13,14,16,18,20
0,4,9,11,12,14,15,17,18,19,20
0,4,5,6,7,10,12,14,15,16,18,19
2,3,5,6,7,9,12,14,19
5,8,20
1,6,8,11,12,13,15,16,17,20
2,8,9,13,15,19,20
0,6,7,9,10,11,12,13,14,18,19,20
3,4,11,15
3,8,9,18,19,20
8,13,20
1,7,10,11,13,16,17,20
0,4,7,8,9,10,11,12,15,19
4,10,11,14,18
0,1,4,16,20
1,7,10,11,12,13,15,17,18,19,20
7,8,9,10,15
0,2,3,5,6,7,9,10,13,14,16,18,19,20
0,1,3,5,7,9,10,13,14,17,18,19,20
0,3,4,5,7,8,9,10,11,15,19
5,6,7,8,12,13,14,18,19,20
2,3,6,7,9,10,11,16,17,18,19
0,1,2,4,8,9,10,11,12,14,16,17,20
3,6,8,10,13,14,15,18,20
0,2,3,4,6,9,12,14,20
4,7,8,11,12,13,14,15,17,19,20
0,1,4,6,8,9,10,13,14,15,17
3,5,6,7,8,10,11,12,13,17,18,20
3,4,7,8,9,11,12,13,14,15,16,17,18,19,20
2,3,4,12,13,15,20
1,2,3,5,6,9,10,14,15,17,18
1,7,17,19
0,9,12,13,14,16,17,19,20
0,1,2,5,6,13,18,20
3,6,7,9,12
1,2,3,4,5,7,8,9,12,16,17,20
3
0,1,2,4,6,7,8,10,11,18,20
3,4,5,15
0,2,5,6,7,8,9,11,12,14,15,19,20
0,1,4,7,8,9,10,11,12,14,16,17,18,20
0,3,6,7,8,9,10,12,13,14,19,20
1,2,6,11,16,19
3,4,6,17,19
0,1,2,5,8,10,13,16,17
3,6,8,10,12,14,16,18,19
1,5,7,8,9,11,18,20
3,15
2,3,4,5,9,10,11,12,17,18
6,13,15,20
0,1,5,8,9,10,12,15,20
0,2,3,7,9,10,15,16,19
0,9
1,12,18,20
1,5,8,10,11,14,17,19,20
0,2,3,4,11,12,14,16,19,20
0,3,5,12,18,19
4,6,14,15
2,9,15
3,8,10,12
0,1,3,4,6,11,15,17,18,19
0,1,2,6,7,8,10,16,19
1,2,3,5,6,7,9,10,11,12,14,17,19,20
0,1,5,6,8,10,11,12,14,16,19
2,7,9,11,14,15,16,19,20
17
0,2,4,10,12,13,16,20
16
1,3,4,6,8,10,11,13,14,16,19
3,5,15,19,20
2,6,14,16,17
0,7,9,15,17,19
1,9,11,14,15
0,6,8,10,13,14,16
6
1,3,7,14,15,16,18,20
1,2,8,11,13,14,18
0,1,5,6,13,16,17,18
13
2,8,11,12,17
0,9,10,11,15,17,18,20
2,4,6,7,9,10,18,20
0,1,3,6,7,9,10,11,12,13,15,17,20
1,3,4,6,7,8,9,10,12,13,15,18,19,20
0,1,3,4,5,6,7,12,15,16,17
1,2,5,7,10,11,12,13,14,15,16,19,20
12,16
1,5,17,19
2,10,11,15,16,17,20
1,2,3,5,8,10,11,15,16,18
1,2,10,11,13,19
1,3,4,7,10,11,12,14,15,17,19,20
4,5,6,7,14,15,16
3,4,6,7,8,11,12,13,14,15,18,19,20
3
0,1,4,11,13,14,15,18,19,20
0,1,3,4,5,7,9,10,12,14,18
0,2,8
2,3,9,10,12,18,19,20
2,3,4,5,11,12,13,14,16
1,3,8,9,11,12,14,16
0,2,3,4,6,7,9,12,14,15,18
0,1,2,8,10,13,16,17,20
2,4,5,6,8,12,13,15,16,19
1,4,6,7,11,17,20
0,5,6,7,9,10,13,14,17,19,20
0,1,2,3,4,5,14,15,18
0,2,5,8,10,11,12,13,17,18,19,20
0,1,3,11,14,20
1,3,4,5,6,11
0,1,2,3,6,9,10,16,18
5,7,16,20
0,5,7,8,12,14,16,17,18,19
3,17
0,12
0,3,4,5,7,8,10,12,13,14,18,19,20
0,1,2,3,4,10,11,12,13,15,16,17,19,20
2,6,10,11,13,17
0,4,5,7,11,12,15,16,17,19
2,4,6,9,18,19,20
0,2,3,4,7,10,11,13,14,15,17,18
7,9,10,12,13,14,15,16,17,20
1,3,8,13,15,16,17,20
3,7,8,11,13,18
0,5,6,7,13,15,18,19
0,1,2,7,8,11,14,16,17,18,19,20
1,3,9,13,14,17,20
4,9,10,12,14,16,17,18,19,20
0,2,3,6,7,10,17,18,20
0,1,8,10,11,14,19
2,3,5,13,17
1,9,11,14
10,14,20
0,2,4,8,10,13,15,19
0,1,3,4,9,12,14,17
5,9,11,12,20
3,7,8,10,11,13,15,18
0,1,2,6,7,9,12,13,15,18,19,20
3
14,16
1,2,3,5,6,7,11,12,16,18,20
8,10,11
0,8,9,10,12,16,17
0,3,4,9,12,13,14,15,20
0,1,4,6,7,9,15,18
14
1,2,3,4,5,6,8,10,12,13,15,17,18,19,20
0,1,2,3,4,7,8,9,11,13,14,16,17,19,20
5,11,17,18,19
0,1,6,13,14,15,16,17,20
7,14,18
5,6,8,14,15,17,20
3,5,6,10,11,13,16,18,19
1,6,12
0,3,4,7,8,9,10,11,12,15,16,18,20
0,2,4,7,10,11,14,15,16,19
0,1,2,3,7,8,10,12,13,14,15,16,19
18
3,6,9,10,12,13,14,15,16,17
1,2,3,4,5,7,9,10,13,15,16,20
1,2,4,6,8,9,12,14,15,17,19
3,6,10,16,17
1,6,8,9,10,12,13,14,17,20
1,6,10,12,15,19,20
0,1,3,4,6,7,9,10,15,20
6,10,15,17
5,6,16
1,14,15,20
0,4,9,12,18,20
0,1,7,17
2,4,6,8,11,12,14,15,16,17
0,3,9,12,13,14,15,17,18,19
0,4,5,7,12,14,15,16,17,18,20
0,2,4,6,12,15,18,20
1,2,8,11,12,13,14,15,20
9
0,1,2,3,4,6,7,8,9,12,16,18,19,20
3,5,9,12,17,19
1,3,4,5,7,8,9,13,14,20
0,1,2,3,6,7,8,10,11,16,17,19,20
3,14,17,18,19,20
3,4,5,8,9,10,11,12,13,17,18,19
1,2,5,6,9,11,14,15,17,18,20
0,1,3,4,5,7,8,9,13,14,18,19
16,19
1,2,3,4,5,7,10,11,14,18
12
4,13,16
5,12,13,14,16
4,6,9,10,11,12,14,16,17,18,20
0,1,3,6,7,10,13,15,16,19
3,4,12,16
2,4,6,8,10,11,13
2,3,4,5,6,8,9,10,13,14,16,17,20
3,5,6,10,12,13,14,15,16
0,3,4,7,8,11,12,13,15,18,20
0,3,7,11,12,14,15,16
5,11,13,17,18
0,1,5,7,10,11,13,18
1,6,14,17,19,20
2,3,5,6,9,10,13,14,16,17,20
1,2,3,8,11,15,19
1,3,4,9,10,11,12,14,15,16,18,19,20
0,2,7,10,11,12,19,20
4,5,7,8,11,15,16,18,19
1,4,5,14,17,19,20
0,2,4,5,9,11,12,14,16,17,20
6,7,14
1,4,6,7,19
0,2,3,4,8
0,1,2,4,15,18,20
1,3,4,5,6,7,8,9,13,15
2,3,5,10,11,12,13,15,16,18,19,20
2,4,5,12,13,15,17,18,19,20
2,3,6,14,15,16,19
4,6,7,14,16
0,1,2,19
0,1,5,8,11,13,14,18,20
4,6,7,10,11,12,14,15,19,20
0,1,2,5,7,8,10,11,13,14,15,20
0,3,6,8,10,11,12,16,17,18,19
0,3,4,5,6,7,8,10,14,16,18,20
2,3,4,5,6,9,11,19,20
0,1,3,6,8,11,17,18
0,9,16
0,3,4,7,9,10,11,12,13,15,16,18,19,20
5,7,13,17,19
0,5,7,8,11,13,15
0,1,2,6,7,8,12,13,15,16,17,18,20
0,1,3,4,5,8,9,10,11,14,15,16,17,19
0,1,2,4,5,7,8,9,10,14,18,19
0,3,5,6,7,9,10,13,16,18,20
0,1,3,4,6,9,10,14,16
1,3,4,9,13,16,17,18,19,20
1,2,3,4,5,6,9,10,11,20
2,4,13,15
2,4,6,8,9,11,12,13,15,18,19
0,1,5,7,9,10,11,13,14,17,20
0,1,2,3,5,9,10,12,13,15,17
2,4,6,10,11,12,14,18,19
0,1,2,5,7,11,12,15,18,20
2,11,14,15
1,2,5,8,15,19
1,2,3,5,8,9,11,14,16,17,19,20
0,1,2,4,5,6,8,13,17,19,20
4,5,13,14,16,19
10,19
1,2,6,10,13,17,18,19,20
2,3,4,10,14,17,18,19,20
1,2,3,5,6,9,11,12,13,17,18,19
0,1,6,8,9,10,11,15,19,20
4,5,6,7,10,11,13,14,15,16,17,18,19,20
2,4,5,8,9,12,16,17,18
0,3,10,12,13,15,17,20
0,1,3,4,5,7,9,10,13,14,16,18,19
0,1,2,3,4,5,6,7,9,13,15,16,17,18
3,4,7,8,10,11,12,13,14,16,20
0,1,9,10,13,15,16,17,19,20
0,2,3,4,5,7,8,9,10,15,16,18,19,20
10,12,13,17
3,7,8,13,18,20
1,2,3,6,13,14
3,5,9,10,11,16,18,20
2,7,9,15,18
0,1,3,4,7,9,11,12,13,14,17,18,19
3,5,6,7,8,10,11,15,16,18,19
0,1,4,5,10,12,13,14
1,2,3,5,6,7,8,9,11,19
2,16,18
1,2,3,5,8,9,10,12,13,17,19
0,1,2,5,11,13,15,16,18,20
6,9,14,17,19
0,18
1,6,7,8,10,11
3,4,5,6,10,13,17,20
2,5,7,8,9,11,13,15,16,17,18
0,1,3,4,5,6,11,13,14,15,17,18,19,20
1,2,3,4,8,9,11,16,18,20
2,3,6,8,9,10,11,14,15,16,19,20
0,1,2,3,6,7,8,9,11,13,14,15,19,20
7,9,10,12,13,14,15,17,18,19,20
0,4,7,10,11,12,17,18,19,20
1,2,3,5,6,7,10,11,15,16,19
2,3,5
0,1,3,6,10,12,13,16,18,20
2,3,4,7,8,9,11,14,15,16
6,9,12,14,17,19,20
0,2,3,6,7,8,10,11,14,15,18,19
0,2,19
0,2,3,4,5,6,9,11,12,14,16,17,18,20
11,17
1,3,8,10,11,13
0,3,5,7,8,16,18,19,20
1,3,6,7,11,12,13,20
0,1,4,6,8,9,12,13,14,17,19,20
1,2,3,6,7,9,10,13,14,15,16,17,18,19,20
0,2,4,5,6,7,8,9,17,19
0,2,3,4,5,6,7,8,9,11,12,16,17
5,8,9,11,13,14,16,17
2,3,4,5,7,9,12,18,20
0,1,2,10,11,12,13,14,16,17,18
0,1,3,4,6,7,11,12,13,14,18,19
0,5,8,11,12,14,15,17,18,19,20
0,3,8,12,13,15,16,17,18,20
2,5,6,13,16,18,20
0,2,3,4,11,13,15,20
1,3,4,7,9,10,11,17,18
0,1,6,7,9,12,13,17,18
2,3,4,10,18,20
1,3,6,7,10,11,12,13,17,19
2,3,4,5,7,10,13,16,19
0,2,5,6,7,9,10,11,12,13,15,16,18,19
10,13,15,16,19,20
5,9,11,13
0,1,2,4,8,9,12,15,16,19,20
0,2,3,5,8,16,17,20
1,13,16,19
5,10,12,16,19
1,2,3,6,7,9,10,11,14,17,19
0,1,2,3,7,8,11,12,13,15,16,17,19,20
2,4,5,7,9,10,11,12,17,19
0,1,3,4,6,8,10,11,12,13,18
1,3,5,10,11
1,2,9,15,20
4,9,11,12,14,16,17
1,4,7,9,10,11,12,15,16,18,19,20
2,4,5,8,9,10,14,15,16,18,19,20
1,2,4,5,6,7,8,11,12,18,20
0,2,4,6,7,12,13,14,17,18
6,15
0,11
3,4,13,14
2,5,11,14,15,18,19
5,8,9,11,12,19
0,1,3,5,6,8,9,12,14,19
1,2,4,6,7,12,14,15,16
0,1,2,3,4,6,12,13,14,15,16,17,20
0,1,2,3,5,8,10,12,13,14,17,20
0,1,2,4,7,8,9,13,15,16,17,18
3,4,5,6,7,10,13,15,16,17,19,20
0,5,7,11,12,14,16,18,19
5,9,10,14,15,17,18
0,2,4,7,9,11,15,17,18
2,4,5,6,9,11,13,14,15,16,17,18,20
9,10
1,11,14,16
0,2,3,5,6,10,12,14,16,17,18,19,20
0,4,9,10,11,16
18
0,1,2,5,7,8,14,15
2,4,6,10,18,19
2,7,8,9,10,11,12,15,16,17,18,19,20
1,4,6,7,9,10,13,14,18,20
0,2,3,5,7,9,10,12,13,14,17,18,19,20
2,7,10,12,13,16
0,1,2,3,10,11,15,16,18,20
0,1,2,5,15,16
0,4,8,12,13,16
1,2,3,4,6,7,12,13,15,16,19,20
0,3,6,7,8,9,10,13,14,15,20
2,7,8,9,14,15
3,5,7,10,12,14,17,18,19
2,8,11,14,18,19
5,6,7,10,12,14,16,17,18,20
0,4,8,10,11,13,19
6,8
0,1,2,3,5,6,11,14,15,17,20
0,1,2,5,7,9,10,11,13,14
4,7,9,10,12,14,15,16,17,18,19
6,13,17
2,3,6,8,9,11,12,13,15,16,17
1,4,8,10,11,12,13,14,18,19,20
3,4,5,8,9,14,15,16,17,19,20
2,5,6,11,13,15,19,20
16,17
4,6,7,8,9,10,11,13,14,18,20
4,6,7,8,9,12,13,15,17,18,20
0,1,6,7,9,11,12,13,18,20
2,3,7,9,10,11,19
11,18
10,16
2,3,10,13,17
2,6,8,12,17
1,3,4,5,11,15,19
2,3,7,8,10,11,14,15,16,17,19,20
3,6,7,8,11,13,14,15,17,18,19
0,2,5,7,8,12,13,14,16,17
2,3,5,6,7,8,9,11,12,16,17,20
2,4,6,7,10,12,14,15,16,19
5,8,9,11,12,13,14,15,16,18,19
2,3,4,5,7,8,9,11,12,15,16,18,20
0,2,3,5,7,11,12,15,16,17,19,20
1,3,5,8,12,16,17,18
0,1,2,3,4,7,8,9,10,11,12,16,17,19,20
3,10
3,4,5,6,7,17,20
1,3,4,6,8,14,17,18,20
6,14,15,17
0,1,6,15,16,19,20
0,1,11,16
12,14,17
15
7,11,18
1,2,3,4,7,9,10,15,16,17,18,19,20
6,8,16,18,19
2,3,4,6,7,9,10,11,12,13,15,16,19
0,1,2,3,6,8,10,11,12,13,14,17,18,20
4,5,10,13,18
4,5,6,7,8,13,18,19,20
0,3,5,7,9,10,11,12,13,14,16,17
1,6,7,9,10,13,15,18,19
0,3,4,5,6,10,12,13,14,16,18,19
1,3,8,10
2,4,8,14,15,16,19,20
2,4,18
0,2,3,5,6,9,10,13,14,17,18
0,1,3,5,7,8,9,11,14,15,16,18
1,2,7,13,16,18
10,16,17
6,11,12,14,17,20
0,8,11,16,18,19,20
0,4,5,9,10,13,15,17,19
5,6,11,15
0,2,5,9,12,13,15,17,18,19,20
1,3,4,5,7,9,10,12,13,14,16,19
18
0,2,3,5,10,12,13,14,15,16,17,19,20
4,7,9,11,14
2,4,6,9,10,12,16,17,19,20
0,12,18,19,20
1,3,5,7,8,10,11,14,15,16,17,18,19,20
0,6,9,11,12,13,14,16,17,19
1,3,4,5,7,10,12,14,15,18,19,20
3,4,7,9,12,14,15,17,18,19
0,1,2,4,8,9,10,12,13,15,18,20
12
1,3,5,6,17,19
0,8,9,10,12,18,19,20
1,3,5,11,13,15,16,19
3,7,12,13,14,19
4,5,9,17,18,19,20
0,2,5,9,14,16,17,20
0,1,3,4,5,9,10,14,16,19
0,3,6,10,18,20
1,2,3,5,9,11,12,13,16,19,20
0,2,6,8,11,13
0,1,3,4,5,6,9,13,14,15,16,17,18,19,20
0,1,7,8,9,16,17,18,20
0,1,3,4,6,7,11,14,15,16,19,20
4,5,8,10,12,15,16,20
15
4,15,16,18
8
7
8,9,11,14,15,17,19
1,2,5,6,7,8,12,15,19,20
0,3,4,6,7,9,12,13,14,16,19,20
3,6,8,12,16,19
0,1,4,5,6,8,9,11,12,13,14,15
5,12
5,6,7,8,14,15,16
0,1,2,5,8,9,10,11,12,15,19,20
1,4
0,4,6,7,8,12,16
0,4,6,10,13,15,17,18
0,2,3,5,9,10,14,15,16
0,4,7,8,9,11,12,13,14,15,16,18,19
3,4,5,8,10,16,17,18
0,2,3,7,8,14,15,16
1,4,5,6,7,9,10,11,13,14,15,18,20
9,11,13,15,17
0,1,3,4,13,15,18,20
5,7,9,12,15,17,20
1,2,5,6,7,8,9,13,14,15,18
0,2,5,6,7,8,11,13,15,18,19,20
0,3,8,15,20
1,7,9,10
1,2,4,7,10,14,15,18,20
0,2,3,4,5,8,12,13,15,18,19
0,1,2,3,7,10,12,13,14,17,18,19,20
2,3,7,9,11,12,14,17,19
0,1,3,4,5,6,11,12,15,20
0,1,9,10,11,13,16,18,19
4,5,8,9,10,15,16,19,20
1,3,5,8,11,12,16,19,20
0,3,5,8,9,10,11,12,17,18,19
3,4,5,9,10,11,12,13,15,17,18,19
5,6,7,16,18
0,2,4,6,11,12,14,17,18,19
0,3,6,7,13,15,17,19
2,3,11,14,15,17,19,20
2,5,6,17
1,2,3,13,14,16,19
0,1,4,5,8,15,17,19
0,2,3,8,9,11,12,14,15,17,18,19
12,14
2,10,13,14,15,16
0,9,15,18,20
1,2,3,4,7,8,9,11,12,14,16,17,19
1,2,4,6,7,8,10,11,12,13,14,20
3,11,12,13,16,17,18
1,10,14
0,1,2,3,6,8,10,12,14,16,17,19,20
0,7,9,11,13,17
2,3,4,5,7,10,14,19
0,1,3,5,6,9,12
0,1,2,3,4,5,7,9,12,13,15,17,19
10,12,14,19
1,3,6,7,8,13,14,16,17,19,20
0
0,2,3,5,6,7,8,11,13,14,15,16,17,18,20
8,10,12,13,15,17
7,18
2,5,8,11,13,14,16,17,20
0,2,3,6,9,10,13,14,16,17,18,19
1,6,10,13,15,18
0,2,5,7,10,12,14,16,17,19
3,4,5,6,7,8,11,15,16,19
1,3,5,6,8,9,11,12,17,20
3,7,10,12,14,16,19,20
0,1,2,4,10,13,19,20
1,8,11,13,14,18
1,2,3,5,9,11,14,17,20
0,2,3,5,8,9,11,12,13,15,17,18
0,1,3,8,9,14,17,18,19
0,3,9,10,13,14,16,19
5,9,15,16,18
5,7,8,9,11,12,13,18,20
5,10,20
0,1,2,3,4,9,10,12,13,14,16,17,20
4,7,9,14
2,3,4,17,18,19
2,4,5,16,17
2,3,12,13,15
3,15,17,19,20
0,2,3,4,5,8,10,12,14,15,16,17,20
1,2,8,9,10,12,15,16,17,20
1,3,7,9,11,13,17,18
4,8,12,13,18,19
0,1,6,7,10,11,12,14,15,16,17,18,19,20
19
0,1,3,4,9,10,13,14,16,17,20
0,2,3,4,5,6,8,9,13,15,17,19,20
0,5,7,10
0,1,4,5,7,10,13,14,15,17,20
0,1,2,3,4,6,9,13,14,16,17,19,20
1,2,3,4,5,10,11,12,15,18,19,20
3,7,10,14,15,16,19
1,2,4,5,6,8,10,13,15,19,20
0,5,6,14,17,20
0,2,3,4,6,8,10,12,15,16,17,18
0,1,3,6,11,12,13,18,19,20
0,2,4,5,7,8,11,17,18,19,20
0
7,8,9,10,11,14,16,18,19
4,18
0,1,2,3,5,7,10,11,12,14,16,18,19
0,1,4,9,10,12,18
1,4,6,11,12,13,14,15,17,19
0,6,11
0,2,3,5,6,8,12,13,14,17,20
3,5,9,11,14,15,17,20
2,4,5,6,8,10,11,12,14,16,17,18,19,20
0,1,6,9,10,12,13,14,17,19
14
0,1,2,3,6,7,11,13,14,18
0,1,2,3,4,8,9,10,11,12,13,17,18
0,1,2,6,10,11,13,14,15,17,18,20
0,6
0,3,6,9,11,18,19
0,5,13,19
5,6,11,16,19
1,3,5,8,10,11,13,16
0,10,18,19,20
1,3,5,8,12,14,16,17,18,19,20
2
5,6,7,8,10,12,15,17,19
3,9,14
2,4,9,10,12,18,19
0,3,5,6,8,9,11,12,17
0,1,15
0,1,2,3,4,7,8,9,11,12,13,17,19,20
0,9,19
9,15,17
5,6,8,11,15,17
0,3,4,6,13,14,15,17,19,20
0,1,2,11,13,16,19
1,2,4,7,13,14,15,16,20
3,7,12,13
0,2,6,9,14,17,18,20
0,5,8,10,11,18
17,20
2,6,8,10,12,13,16,19,20
4,6,9,11,17
2,4,8,11,12,13,17,18,19
1,4
2,6,7,8,12,16,18,20
3,4,6,11,12,14,15,16,17,20
0,2,4,5,6,7,8,11,12,13,15,17,18,20
3,5,6,16,18
1,2,6,8,9,10,12,14,18,19,20
0,2,3,5,6,7,8,10,17,20
1,5,16,17,20
2,3,4,5,7,12,13,14,16
8,13,14,15
13,14
3,7,8,11,13,14,17
2,3,5,7,8,9,10,11,13,14,15,17,18,19
0,1,3,5,8,10,11,13,16,17,18,19
0,1,2,4,7
1,5,7
2,3,7,16,20
1,12
0,12,17,19
2,4,5,6,7,8,14,15,16,18,19
0,7,12,13,15,17
1,3,8,11,13,17,18,20
1,4,5,6,7,9,12,14,17,20
0,2,4,5,7,9,11,12,15,17
1,2,4,6,8,12,13,18
1,5,6,8,12,18,19
0,4,8,10,14,18,19
1,8,13,16,19,20
1,5,10,11,16,19
0,1,2,3,6,7,11,12,15,16,17,19
0,1,7,18,19
0,4,5,11,13,14,15,17
1,3,7,9,10,11,12,13,14,17,18,19,20
0,1,3,7,9,10,12,13,16,19
2,7,8,15,17,19
0,7,8,11,13,14,15,18
0,1,2,6,12,13,15,16,17,18,19,20
0,1,3,10,11,12,13,14,16,17,18,19
5,8,9,10,14,19
0,5,7,11,12,15,17,20
0,2,5,6,7,10,14,17
1,4,5,6,7,14,18,20
0,1,4,5,7,8,9,11,14,17,19
10,12,13,14
2,3,4,7,8,9,11,12,17,18
2,4,5,7,8,9,12,14,17,19
0,3,5,9,10,17
2,5,6,7,8,10,11,15,17,19,20
0,5,8,14,16,17,19
0,2,7,9,10,15,18,19
12,15
1,2,4,8,9,11,12,13,17,19
0,1,2,3,4,5,6,7,11,12,14,15,16,18,20
5,12,18
2,4,11,12,14,15,17,18
3,8,13,15,16,18
3,6,8,9,10,11,13,15,19,20
0,3,9,13,15,19
0,9,12,19
0,3,6,7,9,10,11,12,13,14,15,17,20
0,11,13,17,18,19
0,1,3,5,6,7,8,12,13,14,15,16,18,19
2,3,8,11,14,15,16,18,19,20
3,4,8,9,11,12,13,16,18,20
1,2,3,6,10,12,15,17,18,19
0,1,2,4,5,6,11,14,15,16,18
6,8,9,10
6,12,18,20
6,8,9,13,15,17,18
8,10,14,17,18
2,3,4,8,9,11,12,13,15,17,18
0,1,4,6,7,9,13,16,17,19
0,3,5,8,14
6,15,18
1,4,19
3,5,6,7,14,16,17
0,1,2,5,7,11,13,15,17
0,1,2,3,5,10,12,13,14,15,16,17,18
0,1,2,6,11,12,13,15,16,18,19
2,10,12,13,15,17
3,7,8,9,10,11,12,14,15,17,19
0,4,10,11,15,16
3,4
0,3,5,12,14,16
0,3,4,5,6,7,9,10,13,16,17
0,1,3,5,8,11,13,15,18,19,20
11,13
1,3,5,9,13,16
5,8,17
10,20
0,9
0,2,3,5,8,11,13,15,16,18,19
8,11,12,16,18
0,13
0,6,8,15,16,20
8,12,15
2,4,5,7,9,10,11,14,15,16,20
5,6,10,11,12
3,4,10,11,12,18,20
0,2,4,13,15,18,20
4,6,7,9,12,13,14,16,18,19,20
1,7,16
0,1,2,3,4,5,7,9,10,14,18,19
1,2,3,4,5,6,7,8,12,14,15,17,18
1,3,4,6,12,14,16,18,19,20
0,5,9,14
0,2,5,6,9,10,13,15,17
0,1,7,10,11,12,17,19
2,9,13
0,1,2,3,8,10,11,12,15,16
2,4,6,8,10,16,18,19,20
0,4,5,6,7,8,13,16
1,2,4,5,8,9,10,12,13,19
6,9,10,13,14,15
0,2,6,7,9,14,16
0,1,4,6,9,10,11,13,14,15,16,18,19
2,7,8,16,17
1,2,3,4,7,10,12,13,20
3,4,5,7,8,16,17,18
0,1,4,7,8,15,17,18,19,20
0,1,3,4,5,6,8,11,13,14,15,17,19,20
0,2,5,7,8,10,13,15
0,1,5,6,7,9,10,11,13,14,18,19
0,2,5,6,7
0,4,12,14,15,20
1,2,3,4,7,9,10,11,13,14,15
0,1,2,5,6,8,9,10,15,16,19,20
3,6,7,8,11,12,14,18
3,4,10,12,16,19
0,1,2,3,4,5,16,17,19
1,4,10,13,14
2,3,5,6,9,12,19
5,6,9,10,20
9,12
4,8,11,18
0,2,7,11,16,20
7,12,13,16
1,3,5,6,7,9,12,14,15,17,19,20
2,4,9
2,3,8,9,10,12,19,20
2,5,6,7,8,9,11,13,14,15,16,17,20
4,6
0,2,3,4,6,7,9,10,12,13,16,18
16
1,2,10,13,17
0,3,6,7,9,13,18
1,2,3,10,13,14,15,16,17,18,20
0,5,7,8,11,13,16
9,11,17,18
7,11,17
9
1,3,4,7
0,2,3,5,6,7,8,9,12,13,14,15,16,18,19
0,6,7,10,11,14
5,6,11,13,14,15
1,2,3,5,6,7,13,14,15,16,19,20
0,1,4,5,8,9,11,13,14,15,16,17,18,19,20
0,3,9,13,17
17,20
0,1,3,12,15,17,20
8,9,11,12,16,17
8,9,10,17,20
0,3,4,5,6,7,10,11,13,16,18,20
0,1,2,3,4,11,12,13,14,17,18,19
0,2,3,6,8,10,12,13,16
2,9,11,14,15,16,18,19
7,8,19
2,12,17
5,7,9,10,11,15,16,17,18
5,6,7,8,10,14,15,18,19,20
2,4,5,10,13,15
1,7,15,16,20
11,19
1,5,6,7,8,12,14,15,18,19,20
2,11,12,20
3,5,6,7,10,11,12,13,15,17,18
1,3,4,9,13,14,19
2,5,9,10,13,18,19
0,2,3,5,6,9,10,11,13,14,16
0,3,10,11,12,13,15,17,19
0,4,5,10,13,20
0,4,7,11,13,17
0,1,5,6,9,10,14,15,17,18
0,1,3,5,7,8,13,15,16,17
0,5,16
3,6,7,8,9,13,14,15,18,20
1,3,4,5,6,9,11,12,19
0,3,6,7,9,10,14,15,16,20
14,15,16,18,19
0,9,16,17
0,4,9,10,13,14,20
1,2,3,5,6,7,8,11,12,13,15,18,19,20
0,4,6,7,8,11,15,16,17,18,19
0,1,2,8,9,11,14,15,16,17,18,19,20
1,2,5,6,8,9,10,11,12,13,17,19
0,2,3,7,16,18
0,2,4,5,8,10,12,13,16,18,20
8,10,17
12,13,20
7,9,10,13,14,15,17,20
2,3,7,9,11,13,15,17,18,19
2,4,5,7,9,12,15,17
2,3,11,13,14,16,18,19
3,4,16,20
3,8,11,17,18,20
1,2,6,7,8,12,14,16,17,18
0,3,4,6,7,10,11,13,16,18,19,20
1,2,4,6,9,10,11,12,13,14,16,18,19
0,1,2,3,4,5,6,10,11,12,13,14,17,18,20
0,2
1,2,3,4,9,10,12,13,19
6,9,17,18
1,5,6,7,12,16
4,17
9,11,19
0,1,2,7,8,9,11,16,17,19,20
0,6,14,16,19
0,1,2,10,11,13,15,17,19,20
3,4,15,16,18,19,20
2,5,7,8,9,10,11,13,15,16
6,7,12
2,5,7,9,12,14,17
6,12,14
0,2,5,7,8,9,10,11,14,16,17,19,20
6,10,13,15
0,1,4,7,8,10,11,12,14
2,4,7,13,16,20
0,1,5,8,15,18
1,2,3,5,7,10,19
0,3,6,9,11,15,16,18,19
1,6,8,9,11,12,13,15,17,18,20
1,3,4,9,10,11,12,13,14,15,16,18,19,20
1,3,5,6,11,18,20
1,4,5,6,8,9,10,13,17,19
8,10,11,16,20
2,4,9,17,20
0,3,5,6,7,8,9,10,11,12,13,17,19,20
0,12,14,17,20
12,16,19,20
2,3,6,7,8,11,12,18,19,20
2,3,4,5,6,7,8,9,10,12,13,14,15,16
1,2,5,7,8,13,17,18,20
1,3,8,9,12,14
2,3,4,5,6,7,8,10,12,15,17
0,1,4,6,7,9,11,13,15,16,19
2,3,8,9,12,13,14,18,19,20
0,5,6,12,15,17
0,1,2,3,4,5,7,8,10,11,12,14,19
0,3,5,7,10,15,18
1,2,3,4,6,10,12,13,14,15,17,18,20
2,3,6,12,13
1,2,4,5,6,10,11,12,13,16,17,18,19
0,3,4,5,10,11,14,16,17,18,20
2,3,4,6,7,8,13,16,17,18,19,20
0,1,3,4,6,19,20
0,6,7,8,9,10,13,15,20
2,4,10,14,17,20
0,5,7,10,11,12,13,15,16,20
0,2,4,5,7,11,13,15,16,17,18
0,3,5,8,12,16,17,18
15
5,7,11,13,15,18,19,20
3,8,10,13,16
4
4
0,5,6,9,10,11,13,15,16,18,19,20
3,7,11,18
2,3,5,6,10,11,13,14,15,16
4,5,10,11,12,14,15,18
0,7,11,16
3,6,9,15
2,3,4,5,7,9,10,12,14,16,17
1,3,4,7,8,10,12,16
0,7,11,13,18
4,18
2,3,6,9,11,12,13,15,17,19
5,6,7,8,9,12,13,16
1,2,3,5,6,9,10,11,12,13,14,16,17,18,19
0,1,3,4,5,9,10,14,15,16,18,20
1,3,4,6,7,10,13,14,16,18,19
2,5,6,7,8,10,12,14,15,16,18
5,6,9,11,14,15,16,19,20
0,1,2,4,5,8,10,13,14,16,19,20
1,3,4,5,7,8,9,10,11,13,15,16,19
4,7
0,2,4,6,7,8,15,17,20
0,7,18,19,20
0,1,5,7,8,10,12,13,14,16,17,18,20
3,5,7,8,9,10,11,13,14,18,19
0,1,5,7,8,11,12,13,14,18,20
2,7,8,10,12,15,17,20
0,3,4,7,13,14,15,16,20
7,8,14,15,18,20
1,2,4,5,7,8,10,14,15,17,18,20
0,2,4,7,9,10,12,15,19,20
2,5,8,14
2,4,6,8,14,15,17,18,19
0,2,3,5,6,8,12,20
5,9,11,17
2,4,8,9,14,19
2,10,14,15
0,3,4,7,8,12,13,14,17,19
0,3,4,5,6,9,10,12,15,17,20
0,1,2,4,5,7,8,11,12,14,18,19
3,4,7,8,9,10,11,14,15,16,17,19,20
1,4,7,8,10,11,12,13,15,16,17,20
1,5,6,8,11,12,13,14,17,19,20
0,2,4,5,6,7,8,9,14,15,16,19
2,3,4,6,7,10,11,12,15,18,19,20
0,3,4,6,10,11,12,13,14,15,16,17,19
7,12,18
2,4,5,6,10,13,16,18,20
1,3,4,5,7,9,10,11,12,15,16,18,20
1,3,8,9,12,13,19
0,1,2,6,7,11,12,13,14,17,19,20
5,6,7,13,15
3,4,7,8,12,13,14,15
1,3,5,15,18,20
0,2,4
0,6,7,11,13,14,15,17,19
0,2,3,5,7,8,10,11,12,13,14,19
5,8,11,14,16,17
0,1,4,6,8,11,12,15
2,5,9,12,14,15,19
2,5,7,9,11,12,14,18,19
1,3,5,6,11,12,17,18
0,2,4,7,9,11,12,14,17,19
7,10,11,13,15,20
4
11
1,2,3,5,8,9,11,12,14,15,16,20
2,3,4,7,8,9,11,13,14,17,19,20
2,9,16,17
0,2,3,4,5,9,11,12,13,14,16,17,18,19,20
1,12,17,20
2,3,5,6,8,9,13,14
8,9,11,13,14,16,19,20
1,2,4,5,13
0,1,5,6,9,12,13,14,16,17,18,19,20
1,2,3,5,7,8,13,15,18,19
0,4,13,14,18
3,7,8,10,11,14,15,17,19
0,4,5,6,7,8,11,12,13,14,15,16,18
0,2,4,5,6,7,9,11,12,14,19,20
2,6,16
3,17,19
2,4,6,7,8,16,20
1,7,9,11,13,18
0,6,8,10,11,12,15,16,17
0,1,3,4,9,13,16,17
0,1,2,5,8,9,10,11,12,16,17,18
1,4,16,18
1,2,3,4,5,8,9,10,12,13,15,17,20
2,4,14,15,19
0,1,2,4,8,9,10,12,14,16,17,18,19,20
2,3,4,11,16,17,18
1,2,6,7,10,12,16,17,19
0,4,7,8,9,10,11,12,15,18,19,20
0,6,11,13,14,15,18,19
1,5,6,8,10,11,15,19,20
6,8,10,12,14,15,16,20
2,18
0,4,5,6,9,11,12,13,14,15,16
4,7,9,10,14,16,17
2,3,4,6,8,9,11,12,16,18
1,2,18
0,2,5,7,8,9,10,11,12,13,17,19
0,6,7,8,12,15,17
3
1,3,5,6,12
0,2,3,5,6,8,10,11,12,15,17,18,20
8,9
0,2,4,5,6,9,10,13,14,15,18,20
0,2,3,4,5,10,11,12,14,15,16,17,18,20
0,1,2,3,4,5,9,11,12,13,14,16,19
11,15
0,5,6,11,14,15,18
2,3,5,6,9,13,16
6,15,17,20
1,5,8,9,13,14,18,19,20
4,5,7,10,12,13,14,16,18
3,8,11,14,17
8,11,12,13,14,16,19
3,6,7,12
4,5,9,11,14,17,18,20
1,4,5,6,9,11,16,19
3,5,7,8,9,10,11,12,13,14,15,16,18,19,20
7,8,12,14,19
2,4,5,8,9,14,15,16,17,18,20
3,4,8,9,14,16,18
0,1,4,5,6,7,8,9,12,14,15,18,20
2,3,5,8,11,13,18,19
0,8,14
1,2,5,6,13,16,17
4
3,8,10,14
5,8,14,16
0,2,6,14,17,19,20
0,1,5,6,7,10,11,16,17,20
0,6,7,11,12,13,14,17
2,4,9,10,11,17,19,20
4,8,13,19
2,3,5,7,8,10,11,12,16,17,18,20
17,19
2,5,6,7,10,11,12,13,15,18,20
1,14,15,18
2,3,7,8,10,15,17,19,20
14
0,1,2,3,4,5,6,11,13,14,17,19,20
0,3
1,2,3,9,10,12,17,18,19
0,2,5,20
1,2,4,12,15,17,19
0,1,5,9,10,11,14,20
1
3,6,10,12,13,14,16,19
9,14,16
2,12,13
0,6,10,11,12,13,15,16,17,18,19
1,2,3,4,5,8,11,12,13,15,17,19
0,4,6,7,9,11,15,16,17,18,20
2,6,9,10,12,15,17,18
0,1,6,8,13,14,15,16,17,20
3,7,11,14,16,17
0,1,2,4,7,14,16,18,20
0,4,8,11,15,17
1,2,4,11,12,16,18,19
2,5,6,9,10,11,12,16,17,18,19
1,5,9,17
1,6,7,9,10,11,12,14,15,16,17,18,20
3,6,9,13,16
2,17
1,13,15,17
0,1,2,3,7,8,9,11,14,16,17,18,19,20
6,7,8,10,14,16,18,19
0,4,7,15
3,6,8,10,11,13,14,17,18,19,20
1,5,6,8,9,10,11,12,13,15,17,18,20
0,1,4,6,8,9,10,11,12,15,16,19
0,1,4,6,9,11,13,17
0,13,17
0,2,6,9,10,11,13,14,15,16,18
2,8,10,12,20
4,11,12
1,3,4,7,9,11,12,13,16,18,19
0,1,3,4,5,7,8,9,11,13,14,17,18,19
0,1,4,5,6,8,9,10,11,12,15,18
1,2,5,7,8,10,12,13,14,15,17,18
0,5,6,7,11,12,13,14,16,18,19
1,15,19,20
15,16,17
13,16
0,4,5,8,17,18
6,14,20
0,3,6,8,9,10,12,14,16,17,18,20
3,4,14
10,17
1,5,6,8,10,11,12,16,17,20
0,4,8,11,15,20
3,4,5,6,18,20
5,9,15,20
2,5,10,16,18,20
2,11,12,17,20
4,9,13,14,19
20
0,1,2,3,7,14,16,19
0,2,3,10,17,19
6,8,10,15,16,17,18,20
0,3,5,6,12,14,16,18,20
0,4,7,11,13,15,16,17,19,20
2,3,4,8,9,11,15,18,20
1,3,6,14
2,4,6,8,9,16,19,20
1,2,3,4,5,6,7,9,14,16,17,19
2
2,3,4,6,7,8,10,16,18,20
1,2,3,4,8,9,10,15
2,5,6,13,14,16,18,19
2,7,9,12,14,20
14,17
0,2,6,7,8,10,14
1,6,9,13,17
1,4,8,11,13,15,18,19,20
4,8,13,15,19
4,16
1,6,14
0,1,4,6,7,8,9,11,12,13,20
1
0,1,3,8,9,10,11,15,17,18,19,20
0,2,3,7,10,11,12,17,19
0,3,4,5,6,8,9,10,11,12,15,17,18,19,20
6,10,16,18,19
1,2,4,5,6,14,15,18,19,20
0,1,3,6,7,9,10,11,13,16
2,4,5,7,15,19
0,2,3,5,8,12,13,14,17,18
0,5,7,9,10,11,12,16,18,20
4,6,16
0,1,4,6,7,8,9,11,12,13,14,17,19
3,6,8,9,12,15,17,18,20
0,1,2,7,10,11,12,14,18,19,20
13,14,17,19
0,1,3,5,8,9,16
0,6,8
9,10,19,20
3,4,10
1,8,10,11,15,19
0,3,8,10,11,14,19,20
0,2,5,6,12,15
2,12,20
3,8,11,12,16
1
0,1,2,4,5,6,7,9,10,12,18,19
11,20
0,4,7,9,12,14
0,1,2,5,12,13,14,16,20
14
1,6,7,8,9,10,13,16,18,20
8,10,13,16,20
7,8,10,12,15,17,18,19,20
1,4,5,7,8,9,11,14,18,19
2,3,6,9,10,11,12,13,14,15,16,17,19,20
2
3,4,8,9,10,14,16,18,19,20
1,3,4,6,8,9,10,11,12,15,16,18
0,3,4,7,8,9,10,11,14,15
1,2,4,7
0,1,2,9,11,12,14,15,17,19
3,4,5,7,10,12,13,19,20
1,3,4,6,11,12,13,16,17,18,19
0,1,4,11,15,18
3,4,13,15,16,17,18,20
1,2,3,6,7,9,10,12,13,14,16,17,18
2,10
2,5,9,14,15,16,20
3,5,6,10,11,14,20
1,5,8,12,16,17,18
2,3,5,7,9,11,18
0,1,3,4,6,7,16
0,4,7,8,9,12,15,17
20
1,8,15,17
3,12,15,17,19
0,2,3,4,5,7,8,9,10,11,12,13,15,17,19
0,1,3,4,5,6,8,9,12,13,14,15,16,20
0,2,4,5,7,9,11,13,16,19,20
1,3,4,6,7,8,10,11,12,15,16,17,19,20
0,1,2,3,4,5,7,8,11,12,15,17,20
11
5
18
1,3,6,11,14,16,17
0,2,3,4,5,6,7,8,11,12,16,19,20
10
1,6,8,11
0,1,2,4,5,7,9,13,17,18
0,1,2,3,5,7,8,10,12,16,19,20
0,2,3,4,7,8,10,12,13,14,15
2,7,8,10,11,12,16
4,7,9,10,11,12,13,14,16,18,19,20
1,2,4,7,8,9,11,12,14,15,17,20
1,4,5,6,7,14,16,17,19,20
6,9,10,18,19
0,5,11,12,13,14,15,16,18,20
4,5,9,10,11,15,19,20
1
2,3,7,8,10,11,13,14,16,17,19,20
1,6,7,8,10,11,12,14,15,16,17
6
2,5,8,13,16,18,19
0,1,3,4,6,7,8,10,12,14,16,20
1,2,4,7,14,17
0,1,2,8,10,11,12,13,14,15,16,17,19
2,6,7,8,13,14,15,16,18
0,1,2,3,4,11,14,16,17,19
4,9,10,12,17,19,20
0,1,5,7,9,11,15,16,17,18,20
1,2,4,10,12,13,14,17,19
4,8
5,11,20
0,1,2,5,6,9,10,11,12,14,16,19,20
5,8,15,17,18,20
2,3,5,8,10,11,14,16,18,19,20
7
1,8,9,11,13,17,19
1,5,6,8,10,11,12,16,17,20
0,1,2,4,5,9,10,13,20
17
1,2,3,6,7,8,11,13,17,18,20
1,5,8,10,11,12,13,17,18,19,20
4,6,8,9,11,12,15
12,13
0,2,3,4,7,10,13,16,18,19
0,1,2,6,7,11,12,13,17,19
7,9,14
1,2,5,6,7,8,9,12,19
8,9,11,13,16
3,4,8,10,12,15,16,17
9,11
0,3,6,7,8,9,12,13,14,17,19
4,10,20
0,1,2,3,5,6,7,13,15,16,18,19
7,20
5,6,8,9,10,14,15,16,17,18
3,4,5,7,8,10,11,12,15,18
3,9,10,15,18
0,1,5,6,8,9,12,14,15,16,17,20
0,7,10,14,15,17,18,20
0,1,4,5,9,11,12,13,16,17,18,19
2,3,4,5,6,8,10,11,16,18
1,2,3,6,9,10,11,13,15,17,19
2,5,8,9,10,11,13,14,16,17,18,19
0,2,4,6,8,9,11,12,14,16,17
1,4,10,14,16
0,1,3,5,6,14,16,18,20
1,4,6,8,11,14,15,16,17,19
5
1,2,3,5,6,7,8,9,10,11
0,2,3,4,6,11,13,15,17,19
0,3,4,5,6,8,9,11,13,14,15,16,19,20
4,5,19
2,4,8,9,10,14,15,16,19
7
2,3,5,7,8,9,11,13,16,19,20
2,4,6,10,11,13,19
0,2,3,4,6,7,8,9,10,11,13,15,18,20
3,7,9,10,11,13,14,18,20
6,9,11,12,13,19,20
0,1,4,5,9,10,11,12,13,14,15,16,17,18,20
1,3,4,10,12,13,14,19,20
5,7,9,10,11,13,15,17,18
1,2,6,8,16
0,1,2,5,6,8,11,12,14,15,16,17,20
1,2,3,6,7,9,11,14,17,18,19
3,6,7,9,12,17,19
3,4,8,9,10,13,14,19,20
0,1,6,8,12,16,18
0,1,2,8,9,10,12,14,15,16,18,19,20
8
1,2,3,4,5,6,7,8,10,11,12,15,16,18,20
3,4,5,8,10,13,14,15,19,20
0,14
1,5,9,12,13,14,15,17,20
0,1,3,7,11,18,20
7,11,16
4,8,20
0,6,7,9,13,16
0,2,5,7,9,14,15,16,18,20
1,6,7,9
3,16,17
1,2,4,6,7,8,12,15,17,19,20
3,4,6,9,10,11,13,14,18,19
2,3,4,7,9,11,13,17,18
0,1,2,4,5,6,9,11,13,16,17,19,20
3,5,7,11,15,18,20
0,1,10,12,14,16,17
0,1,2,7,9,14,15,16,17,18,19,20
0,1,3,5,6,7,8,10,11,14,17,19,20
1,4,5,6,7,8,10,12,15,16,18
0,6,7,11,18,20
2,3,4,6,7,8,9,11,12,13,15,20
3,5,6,7,8,10,12,13,16,20
0,4,15,18
5,14,20
0,1,4,8,10,14,17,18,19
3,5,8,13,14,18,19,20
0,1,4,8,12,14,16,17,19,20
0,4,5,8,9,10,11,12,13,14,16,17
0,2,5,7,9,10,11,12,13,14,16
0,1,4,5,6,8,9,10,11,13,16,18,20
2,3,11,13,15,18,19
2,4,5,10,15,16,17,20
0,1,2,3,6,12,14,15,16,17,20
11
2,10,12,13,17,18
0,2,11,18
0,1,3,4,5,7,8,9,10,12,13,14,16,20
1,15
1,7,8,10,11,14,15,16,20
1,2,5,6,7,9,14,15,16,17,18,19,20
2,10,11,12,16,17,19
4,10,12,14,15,16
2,7,8,10,13,14,16,18
1,17,18,20
4,5,7,10,11,14,16,17,19,20
0,1,3,4,5,6,7,8,9,10,11,12,13,16,20
1,3,4,8,12,15
1,4,6,7,8,9,15,16,19,20
0,2,4,5,9,10,12,14,15,16,19,20
2,4,6,8,16
3,4,5,6,8,9,11,12,17,19,20
1,2,3,9,10,14,17,18
0,1,5,8,11,12,14,17,18,19,20
1,2,4,5,7,15,16,20
0,1,2,3,4,6,7,9,10,13,15,16,17,18,20
18
0,2,4,6,7,9,10,13,17,20
4,9,14,15,18
1,10,11,16,17,20
0,3,4,5,7,9,10,14,17,18
1,8,16,18,19,20
2,4,6,8,9,10,18
3,14
0
0,6,7,8,9,10,13,14,15,17,18
1,2,11,13,17,18
1,2,3,8,11,15,17,18,19
6,9,12,17,19
0,2,8,11,15,19
0,3,8,9,10,11,14,16,19,20
1,2,4,6,8,10,11,12,13,15,19
6,7,8,9,10,12,14,17,18,20
20
1,2,3,5,7,11,14,15,17,19,20
3,5,7,13,14,18,19,20
0,6,8,9,10,11,12,13,15,17,20
0,1,5,7,8,9,10,11,12,15,16,17,18
0,2,3,4,6,7,8,9,13,15,16,18,20
1,2,3,5,10,12,14,16
3,5,8,12,13,18,19
1,13
0,2,3,5,6,8,9,10,11,15,17,19,20
2,3,6,7,9,13,17,18,19
1,16
0,1,5,6,7,9,11,12,13,18,20
0,2,7,10,11,12,13,14,15,18,19,20
1,5,7,8,9,10,12,14,15,16,18,19
8,13,15,19
0,3,4,5,8,9,10,13,14,16,17,19
4,9,16
1,2,3,5,7,11,12,13,15,16,17,20
0,2,6,9,10,11,12,13,14,16,17,19,20
3,5,6,7,8,10,11,12,19
0,3,4,7,8,16,19
13,14,17
1,3,10,20
11,17,18,20
2,5,6,7,9,10,12,13,16,17,18,20
0,1,2,3,11,19
0,2,6,9,10,14,15,18,19
0,5,6,11,13
1,3,4,9,11,14,15
3,5,6,9,10,13,14,15,18,20
4
0,1,6,7,10,11,15,16
2,6,8,13,14,20
1,2,8,9,12,14,16,20
2,3,4,5,11,12,15,17,18,19
0,2,3,5,6,9,10,12,17,19
1,2,4,11,12,14,15,17,18,20
3,5,11,15,17
12
0,1,2,3,5,9,13,15,19,20
2,5,8,11,14,15,19,20
4,9,19
0,1,2,7,11,13,15,20
1
2,5,6,8,14,15,17,19,20
6,9,11,13,14,15,17
5,7,8,10,12,13,17,18,20
2,3,5,7,9,15,16,19,20
1,6,11,12
9
0,1,2,3,4,8,10,11,14,17,19,20
1,4,7,8,10,11,14,18,19,20
2,3,5,10,11,14,18
1,5,6,8,9,10,11,13,16,19,20
1,5,13,14,19,20
0,3,5,6,10,11,12,13,14,17,18,20
0,1,2,3,7,8,9,14,16,18,20
7,14
5,10,13,17
1,3,4,5,11,13,14,16,17,18
0,1,2,3,4,6,8,12,13,15,17,18,19
0,4,8,10,11,12,14,16,19
0,2,4,5,11,14,15,17,20
3,9,12,13,14,15,17
1,2,3,6,7,8,9,10,12,13,15,16,18
0,1,3,4,7,8,9,10,15,16,20
0,11,12,13,16,17,18
0,1,6,7,8,11,12,14,15,19,20
3,4,5,13,14,15,16,18
0,5,6,8,12,16
0,3,4,6,7,8,10,11,14,15,16
1,2,3,4,6,8,10,11,12,13,14,15,17,19,20
1,2,4,5,7,9,10,12,13,14,17,19,20
3,10,11,17,19,20
0,1,2,3,5,6,9,12,13,14,15,17,20
3
5,6,9,10,13,16
0,1,3,5,6,7,8,14,15,16,17,19
2,10,15,18
1,9,11,15,16
2,6,7,8,9,11,13,14,15,18,19
0,1,5,6,7,11,14,15,18,19
1,2,3,6,9,11,12,15,16,17,19,20
0,1,4,5,6,7,10,12,13,18,19
1,2,3,4,5,6,7,8,9,10,14,15,16,19,20
4,6,8,9,13,14,17,19
0,1,3,4,5,6,8,9,12,16,17,18,19
18
0,5,6,7,8,10,11,12,13,14,18
9,18
0,15
6,14,15,18
1,2,3,5,7,8,10,12,15,19,20
0,1,4,7,9,10,15,16,17,19,20
1,3,14,20
0,2,3,6,7,8,9,14,19,20
0,1,2,6,7,8,10,13,14,16,20
0,1,5,17,18,19
0
4
0,1,2,4,6,10,11,12,14,15,16,17,20
0,10,16
6,8,9,10,14,16,20
4,10,16,20
5,8,14,15,16,17,19,20
2,5,8,9,12,13,15
2,3,4,8,20
0,3,5,9,13,15,17
0,5,6,8,13,18,20
12
0,1,4,7,11,12,13,16,17,19,20
14
1,2,3,4,5,9,13,15,16,18,20
1,2,3,9,10,12,13,17,19,20
1,5,6,7,8,11,13,15,19
1,7,8,18
0,4,5,8,11,15,16,18,20
1,2,3,5,6,9,12,14,15,18
1,2,4,5,10,12,15,17,18
5,8
1,2,3,4,5,8,12,13,14,15,17
3,12,19
4
0,1,2,4,7,8,9,10,14,15,19,20
1,7,9,11,13,15,18
0,1,6,7,8,10,12,13,14,17,18,20
1,3,6,8,9,11,14,15,17,19
1,2,5,13,17
8,17
3,6,19
9,10,19,20
2,3,9,13,14,15,17
0,1,2,3,4,8,10,12,13,14,15,18,19
0,1,2,3,4,5,6,12,15,16,17,18,19,20
1,3,4,5,6,7,8,11,13,15,16,18,20
4,9,20
2,3,4,5,6,8,10,12,13,14,16,17
11
13,16,18,19
12,14
0,1,4,5,6,7,12,13,16,18,19,20
2,3,7,8,10,12,13,14,15,17,19
0,4,5,7,8,9,12,13,16,18
0,6,8,9,13,14,15,17,20
1,2,5,7,8,11,12,14,15,17,20
0,1,5,6,8,9,13,14,15,18,19,20
1,3,4,6,8,9,11,12,14,15,17,18,20
0,3,5,10,12,14,15,20
1,5,6,7,8,9,10,12,15,19,20
0,2,4,7,8,9,12,14,15,18,20
1,2,3,4,10,11,14,16,19,20
1,4,9,10,11,12,13,14
2,14
0,5,6,10,11,17
3,5,7,8,10,13,19,20
0,1,4,10,14,20
7
18
6,18
0,2,3,5,7,8,11,14,15,20
8,11,12,17,18,20
1,6,10
6,15,16,18
0,4,6,8,9,10,17,18
20
9
0,1,5,11,12,15,17
3,7,9,12,13,14,17
0,2,6,8,9,10,11,12,15,20
0,5,6,7,8,9,12,14,15,16,19,20
16,17,19
1,3,12,14,16,17,18
0,2,3,5,6,8,10,12,13,16,19
0,1,2,3,6,7,8,9,10,11,15,16,17
0,3,5,7,8,11,13,14,15,17,20
12,15,20
0,19,20
0,2,5,8
3,4,5,9,14,15,19,20
6,7,9,10,11,16,17,18
3,8,10,11,12,13,15,16,17
0,1,7,8,15,17
2,3,6,7,8,11,13,15,16,18
2,6,7,10,15,19
1,3,13
1,13
0,3,5,9,13,14,17,18
1,14
0,1,2,3,4,5,6,8,9,10,13,14,18,19,20
5
1,18
2,5,7,9,10,14,16,17,18,19,20
6,8,9
0,1,3,4,5,6,7,8,9,12,14,15,16,18,19
0,1,2,3,4,7,8,9,11,12,14,16,17,18,19,20
1,3,6,7,8,9,12,18
8,11,12
5,8,9,11,12,13,14,17,19,20
10,15,19
5,9,13,14
2,3,4,8,10,13,16,17,20
0,1,2,4,5,6,7,8,11,12,13,16,17,18,19
0,1,2,4,5,6,8,11,13,14,15,16,18,20
11,15,16
9,19
2,4,5,9,14,15,17,20
0,9,14,17,19
16
1,2,3,4,7,8,9,11,13,15,19,20
8
1,4,6,9,10,13,14,15,16,18
0,1,3,7,10,17,20
1,3,6,9,11,13,17,18,19,20
0,3,7,8,10,11,12,15,16,17,20
0,1,5,14,18
0,1,2,4,7,10,12,13,15,17,18
1,3,12,18
14
1,2,3,4,6,8,9,10,11,13,15,16,19
0,1,2,4,5,9,12,15,18
4,5,7,10,13,16,17,19
0,4,5,7,12,13,14,18,19,20
3,5,8,10,11,15,18,19
0,1,2,6,7,8,11,12,15,16,17,18,19,20
0,1,5,7,12,15,19,20
12,20
10
1,4,6,7,10,12,14,20
0,3,4,5,10,19,20
1,5
0,1,2,3,4,5,6,9,11,12,13,14,16,17,18,19
5,6,7,9,10,11,12,13,14,17,19,20
0,1,2,4,5,7,9,13,14,16,19
6
2,4,10,19,20
2,4,12,13,14
10,11,20
3,6,7,13,14,20
0,1,8,11,14,15,16,17,18,19
3,6,9,11,12,14,16,17,19
3,4,5,6,9,10,14,16,19,20
0,2,5,6,11,14,16,18,19
1,4,5,8,9,10,11,13,18,19
8,9,11
4,5,7,8,15,16,17,18,19
0,3,4,5,8,9,10,11,16,17,18,19
0,2,5,6,7,12,13,14,15,17,18,19,20
1,3,5,8,9,16,17
0,1,2,4,6,8,18,19
5,8
2,5,6,7,8,11,13,14,15,17,19
11,14,15,16,17
2,4,6,15,18,19
0,1,7,8,9,14
0,2,3,5,6,8,9,10,11,14,16,18
0,1,2,3,11,12,13,14,15,19,20
4,8,16
1,6,8
0,1,4,6,7,9,11,13,14,19
1,3,8,11,12,13,14,15,16,17,18,20
0,3,5,9,10,11,12,18,20
0,2,3,4,9,10,13,14,15,17,20
0,1,2,3,7,9,11,12,13,14,15,16,17,19
0,3,5,8,14
0,2,4,9,12,15,16,19
0,3,4,6,8,9,10,11,12,13,14,17,20
16,20
3,9,12,18,20
1,4,5,9,10,13,18,19
2,3,9,11,12,13,15,16,17,18,19,20
5,7,8,9,11,13,15,19
1,3,4,9,14,15,16,17,19,20
2,5,6,8,12,13,16,18
0,1,2,3,4,6,7,12,16
0,1,2,4,5,8,9,10,13,14,15,19,20
0,4,16
3,16
0,1,4,6,7,11,12,14,15,16,17,18
0,1,4,9,10,11,13,14,20
0,16
0,1,3,4,5,6,8,9,11,13,15,16,18,20
6
1,3,5,7,8,9,10,11,13,16,19,20
1,3,4,6,8,13,14,19
4,8,15,16
1,2,4,5,6,7,8,9,12,16,19,20
0,11
0,3,7,8,9,10,12,13,14,15,16,19,20
0,1,2,3,4,5,10,12,14,15,16
7,8,11,15,17,18,19,20
7
5,6,9,10,12,13,14,15,16,17,19,20
2,3,8,10,15,17
0,3,4,5,7,8,11,12
2,3,5,10,13,15,16,18
5,8,9,11,13,14,17,18
0,1,2,6,9,11,12,14,16,17,19,20
0,1,3,4,6,7,10,12,13,17,20
0,1,2,6,7,8,10,11,13,14,15,16,19
11,12
0,1,2,3,7,8,14,15,19
4,5,7,9,14,18
1,2,3,4,6,8,9,12,14,15,17,18,20
1,3,6,10,11,14,15,16,17
0,2,3,8,9,13,14,18,19
1,2,4,8,11,14,16,17
0,5,7,10,15,16,18,19
1,2,3,5,8,9,13,15,16,20
1,2,4,6,11,12,13,15,17,18,19
11,18
0,1,2,3,4,7,8,10,13,14,15,16,18,19
0,1,2,4,5,6,8,10,13,17,18,19
1,7,11,18,20
3,9,12,14,15,16,17
0,1,8,10
1,2,7,8,14,16
2,12
1,3,4,5,7,8,14,16,19,20
3,11,13,14,17,19
0,1,2,6,9,10,13,14,15,16,17,18
6,10,13
2,3,6,7,10,12,14,15,18,19,20
0,4,5,6,10,11,13,14,15,17,19,20
1,3,4,7,9,10,11,12,13,16,18,20
2,14,16,19
2,6,7,10,12,16,17,18
13,14,18
5,17
0,3,4,5,11,12,15,20
0,1,6,11,12,14,15,17,20
2,4,8,11
5,19
1,5,6,13,15
2,8,14,15,17,19
1,3,5,11,12,15
1,3,4,6,12,13,18
2,3,4,5,8,9,10,11,16,18,20
0,3,4,5,6,8,12,13,14,15,16
3,10,15,18
2,14,17,19
1,2,3,5,6,7,9,10,12,13,14,16,17,20
1,3,4,6,7,8,9,11,15,16
11,16
1,2,3,5,6,7,10,14,15,16,18,19,20
0,1,2,5,6,8,9,10,11,12,15,16,18,20
3,7,17
10,15,16,17
15
11,14,16
1,4,6,10,11,16,17
0,1,2,3,7,9,10,11,12,13,14,16,17
0,1,4,5,6,8,12,13,20
7,9,12
0,1,4,5,6,7,15,16,17,18,19
1,2,3,7,12,15,16,19
1,3,6,13,16,18,19
0,1,5,6,7,13,16,19
1,2,4,8,10,11,14,15
1,2,6,15,18,20
0,1,3,4,5,6,7,8,9,10,12,15,18,19
15
5
2,4,8,12,14,15,16
2,8,12,14,17,19
0,2,4,6,7,8,10,11,12,14,15,16,17
3,5,18
0,3,9,11,12,15,17,18,20
0,5,10,12,14,20
1,3,4,9,18
1,2,3,6,7,8,11,14,15,18,20
4,6,11,17,18
0,1,4,5,6,7,11,13,14,15,17,18,20
0,1,3,4,6,8,12,14,16,19,20
5,12
5,6,8,9,10,12,13,15,19
10,15,16,17
1,4,5,6,7,11,15,17,19
0,1,5,11,12,13,14,16
1,5,6,11,20
0,2,5,6,8,12,14,20
0,1,2,4,5,8,9,13,14,15,16,17,18,19,20
0,2,5,7,8,9,12,13,15
2,4,5,9,11,12,13,15,17
3,4,12,20
0,1,5,6,9,14,15,16,17
0,1,3,5,6,7,9,10,11,13,15,16,18,19
2,3,4,5,6,11,13,14,15,18,19,20
3
0,2,3,5,7,8,9,11,13,14,16,17,18,20
2,3,4,8,9,12,15,17,19,20
2,3,4,10,15,17,20
1
3,6,7,8,12,14,16,17
1,2,4,5,9,11,12,14,15,18,20
0,1,4,5,6,9,10,11,15,17,20
0,1,4,5,15,16,17,18,19
7,12,16
2,10
1,4,7,10,12,13
15
1,3,4,5,7,8,9,10,12,14,15,16,20
8,17
0,1,2,3,6,8,12,16,17,18,20
5,7,12
0,3,4,6,7,10,11,14,15,16,17,18,19
0,1,3,7,10,11,15,16,17,19,20
2,6,7,8,9,12,16,18,20
1
9,10,11,16,18,19
0,3,5,8,9,11,14,15,17,20
0,1,2,4,5,7,9,10,11,13,18,20
0,1,4,7,8,9,10,14,19,20
2,4,5,6,7,8,9,10,11,16,19,20
9,11,12,17,18,20
7,9,19
1,4,5,6,7,9,10,12,14,17,19,20
6,7,8,13,17,18
1,3,7,8,10,16,17,18
0,2,6,9,10,12,13,16,17,18,19
2,4,5,6,10,12,15
0,1,3,4,5,7,8,11,12,13,14,16,17,18,19
0,3,5,7,8,10,11,15,16,17,18,20
1,2,3,5,12,13,17
6,11,16,19
10,12,15,17,18,19
3,7,8,10,11,13
1,2,3,6,7,9,10,14,19,20
17
0,1,2,3,6,7,8,11,12,13,14,15
6,7,13,14,18
2
0,3,9,11,12,16,17,18,19
2,8,13,18
1,2,4,5,6,7,11,14,15,16,19,20
0,1,4,6,9,10,11,12,14,17,19
0,2,4,6,8,14,15,16,18,19
0,1,5,6,8,9,12,13,16,17,18,19
0,1,4,6,8,10,11,13,15,17,18,19,20
14
5,8,9,12,13,15,17,19
14,19
3,18,19,20
1,8,9,12,13,14,17
1,2,4,5,6,10,11,12,13,16,17,18,19
10
2,5,19,20
1,3,5,11,16,20
0,2,5,6,7,9,10,13,15,16,18
1,4,13,15,17,18
0,1,3,4,6,7,8,11,15,16,18,20
1,3,4,9,14,17,20
0,1,2,6,8,10,15,19,20
1,2,3,4,7,8,9,10,11,12,14,15,16,17,18
5,6,7,8,9,13,15,16,18,19,20
0,3,4,7,8,9,10,12,15,16
0,4,8,9,10,14,15,16,17,19
6,7,12,13,15,16,19
0,1,2,6,9,11,13,17,18,19
0,2,3,4,13,14,16,17,18,19
0,4,5,6,8,9,10,12,13,15,17,19,20
3,4,6,8,12,13,15,16,17,19,20
0,1,5,8,10,13,14,18,20
0,4,10,17,19
4,14,20
0,7,8,9,10,11,12,13,18,19
3,5,7,8,9,10,11,12,13,14,19,20
12,13,15,20
0,7,20
1,5,6,7,8,9,10,12,14,17,18,19,20
0,1,2,3,5,6,10,12,15,20
11,15
0,1,2,4,5,6,7,8,10,13,14,16,18,20
0,1,3,6,10,11,15,18
4,5,8,10,11,12,14,16,17,18
4,5,8,15,16,20
3,5,7,8,14,15,16,18
0,2,4,7,12,15,19
3,8,9,11,13,15,16,20
1,3,5,6,7,8,10,14,18,19
10
0,1,2,3,4,5,6,7,10,13,16,17,18,19
4,5,7,9,10,12,13,15,16,17,20
0,1,2,3,5,6,8,9,11,12,13,15,16,18,19
10,16,20
0,2,4,5,6,8,10,15,20
2,4,5,8,10,11,14,15
0,6,10,11,14,15,17,18,20
2,3,4,5,6,9,12,13,14,16,17,18
0,1,4,8,9,11,19
0,1,3,4,5,7,10,11,12,15,16,18
2,15
1,2,3,13,18,19
2,10,12,13,14
12
0,2,4,5,6,10,11,12,17,18,20
2,3,8,10,15,19,20
1,2,4,8,9,10,11,12,13,14,15,18,20
0,1,2,5,10,13,16,17,18,19
6,18
1,4,10,12,15,16,19
6,20
3,4,5,7,8,9,10,12,14,16,19,20
0,1,5,10,11,12,13,16,18
0,1,2,3,4,7,8,9,10,11,12,16,17,20
2,7,8,9,13,14,15,18
1,7,9,11,13,17
0,2,4,6,7,8,9,10,12,13,18,19
6,7,8,11,16,17,20
1,6,16
18,19,20
0,3,4,5,6,9,12,13,17,19
0,4,5,7,8,9,10,12,13,14,15,16
0,1,2,3,5,7,8,10,13,14,15,17,20
4,8,9,14,17,20
1,2,3,4,5,6,13,14,16
0,3,5,6,7,8,12,13,15,19,20
1,3,7,10,11,15,17,18,19,20
0,1,2,3,5,6,13,18,19,20
13,18
0,2,3,5,9,10,11,12,13,14,15,18,20
0,1,3,5,6,7,8,9,12,15,16,18,19
2,4,5,7,8,13,15,16,18,19,20
0,1,2,4,5,6,8,11,15,17,19,20
1,3,4,7,8,9,10,12,15,20
0,1,2,3,4,5,6,10,11,13,14,15,16,18
0,1,2,3,4,6,12,13
3,9,14
1,2,3,7,9,10,11,12,13,15,18
4,13,15,16,17,19
6,7,18,19
7,16,20
2,4,5,6,15,17,18
0,1,3,4,5,10,12,13,16,17,18,19,20
1,3,4,5,8,9,11,13,14,15,16,17,18,19,20
9,10,13,17,18
5,6,8,10,15,16
1,2,6,7,8,12,13,14,17,18,20
3
0,1,2,5,6,7,10,13,14,15,16,18
0,2,8,11,13,17,18
2,4,6,16
3,7,9,11,12,13,16,17,18,20
0,3,6,8,9,10,11,13,16,18,19,20
2,3,4,6,13,17,18,19,20
0,2,5,8,13,16,17,19,20
0,3,6,7,10,11,14,15,19
6,7,11,13,15,16,19,20
0,1,2,4,5,6,8,10,11,12,13,14,18
3,4,6,11,12,15,17,20
0,4,6,9,12,15,19
0,7,8,15,18
1,3,4,7,8,9,12,13,14,15,17,19
0,3,5,9
4,5,6,9,11,12,14,15,16,19
0,4,8,10,11,12,13,14,15,17,18
2,3,6,8,10,11,13,14,16
1,5,7,8,14,19,20
6
6,17
0,2,3,4,5,6,7,8,9,10,11,13,14,16,17
4,5,6,8,9,11,16,17,18,19
17
0,2,4,5,6,7,8,9,11,12,13,18,19
6,10,18
3,8,9,11,14,15,16,18,20
6,9,11,14,20
0,2,4,5,6,10,11,13,14,17,18,19,20
1,7,8,10,11,15,16,19
4,8,13,14,15
4,8,10,17,19
5,6,8,14,16,17,18
0,2,4,5,6,8,10,11,13,14,16,18,19,20
6
0,1,2,3,4,7,11,13,15,16,18,20
0,1,5,6,7,9,11,12,13,14,15,17,18,19,20
3,4,5,9,11,16,17,19
0,1,3,5,6,8,11,14,15,16,17,18,19,20
5,7,9,11,13,14,17
1,6,7,8,12,13,17
0,1,2,3,4,5,6,9,14,15,17,18,19,20
1,5,7,14,15
3,13
10,15
0,2,3,7,11,13,15,17,18,19
3,4,5,10,11,12,16,18,19,20
0,1,2,5,6,9,10,11,13,16,17
5,6,9,12,14,16,17,19,20
1,2,3,7,8,9,11,12,13,15,17,19
1,2,5,9,11,12,15,16,19
10,11,16,18,19
3,7,8,12,13,17
1,4,15,16
1,4,10,15
7,8,10,14,15,16,18
2,3,5,7,8,9,11,12,13,15,19
0,2,7,9,10,12,13,15,16,18,19
0,4,5,6,13,14,16,17
1,2,3,4,6,7,8,11,13,14,15,17,18
2,3,10
2,4,7,12,15,16,17,18,19
1,2,7,9,11,12,14,16,17,18,20
0,1,3,4,6,7,9,10,12,13,14,15,16,17,18
1,4,7,9,10,11,12,14,18,20
1,2,3,4,5,14,17,19,20
0,1,5,6,10,11,14,15,16,17,19,20
2,3,4,8,9,10,11,17,18,19,20
2,4,7,10,17,19
1,2,8,12,14,16,20
0,8,12
0,1,2,3,6,7,8,11,13,15,16,17,20
2,5,11,14,20
3,5,6,10,11,17
2,12,13,15,18,20
0,6,7,13
6,11,13,15
3,4,8,9,14,15
0,2,4,6,7,8,10,11,15,16,17,18,19
0,1,2,3,8,9,18,20
1,2,3,6,7,8,9,14,15,16,18,20
1,2,3,4,5,9,10,12,14,16,18
2,3,4,5,6,7,10,12,14,16,17,18,19
2,4,9,11,13,14
1,9,10,12,13,16
2,5,6,9,18
0,1,3,4,5,6,7,8,9,10,11,12,15,18,19
14
20
1,4,5,6,7,10,12,17
0,1,2,4,6,7,8,11,12,13,16,17,18,19
2,5,6,8,9,13,18
1,3,5,13,14,17,19
0,4,5,6,7,9,10,11,13,14,15,18,20
10,13
1,2,4,5,6,8,9,11,13,14,18
2,10,11
0,5,7,8,15,16,19
12,17
0,1,4,5,10,12,13,18
1,5,6,12,13,14
3,11,17
0,6,9,10,12,13,14,16
8,10,11,12,13,14,15
0,2,4,11,13
0,4,17
3,5,6,7,11,12,16,18,19,20
8,9,16,19
1
1,2,3,4,5,6,7,8,13,14,16,17
0,2,3,4,7,8,9,12,13,14,16,18,19
0,3,4,5,8,9,12,13,14,16,17,18,19
2,4,11,15,17
2,3,4,5,11,13,14,16,19
1,3,5,6,7,9,10,11,14,15,16,17,18
0,2,3,4,6,7,10,12,13,16,19,20
2,5,12,13,18,19
3,8,12,14,17,19,20
0,3,5,8,11,13,15,18
2,7,8,9,10,12,13
0,2,4,6,10
18
4,5,6,7,8,9,10,12,13,14,18,19,20
14
0,1,6,8,12,14,15,16,19,20
1,2,3,4,7,10,12,13,14,16,17,18,19
8,9,10,15,16,17
2,3,16
2,5,9,10,13,15,17,20
1,4,5,8,15,17,18,19,20
9,14
0,3,4,5,6,9,10,12,13,15,16,17
0,2,4,8,10,11,12,14,16,17,18,19,20
1,2,6,7,10,11,12,14,16,20
1,3,4,5,7,9,11,12,14,19,20
0,5,6,12,15
4,5,10,11,13
0,1,4,5,10,11,14,15,16,17,18
4,6,8,11,14
2,3,5,6,7,12,14,15,16,18,19
1,3,4,9,12,13,14,15,16,19,20
4,13,19
3,7,11,18
1,3,5,6,9,11,13,16,18,20
2,4,5,6,7,8,9,11,18,19,20
0,4,5,9,20
7,8,14
1,2,3,4,6,11,16,18,20
0,1,2,3,4,5,6,8,11,12,16,18,20
0,3,8,12
2,5,8,12,14,17
0,3,5,6,7,9,11,12,20
0,4,7,9,17,18
0,1,2,3,5,9,10,11,15,16,17
2,8,11,17
0,1,10,11,12,13,15,16,18
7,11,15,18
5
3,4,5,8,10,14,15,16,17,18,19
2,4,7,13,16
4,6,7,10,11
3,5,6,7,8,10,11,14
5,15
2,19
2,3,7,9,10,13,14,15,17,18,19
1,2,4,5,6,7,8,10,12,13,14,16,18
0
0,1,3,10,16,17
0,1,2,3,5,6,12,13,14,15,17,18,19
1,2,3,5,6,7,8,9,10,11,12,13,17
2,4,6,7,10,11,12,18
3,4,5,7,8,15,16
0,1,2,5,8,9,11,12,20
8,14,17,20
2,3,6,7,8,11,15,17,18,19,20
5,9,10,11,12,18,19,20
2,5,17
0,1,6,7,12,14,16,17,19,20
3,5,8,9,17
5,6,19
1,3,6,7,11,13,15,16,18,19
4,5,9,12,13,14,15
3,4,11,15,19
1,2,3,7,9,11,13,14,16,18
1,8,9,10,12,13,14,15,16,17,18,19,20
0,4,5,7,11,15,18
3,4,5,6,8,10,11,14,17,18
1,2,3,6,7,8,12,13,14,18,19,20
0,1,2,3,5,6,7,8,10,11,12,14,16,17,19
1,2,3,4,5,12,16,17,18
1,9,15,16,18,19
0,1,2,6,7,12,13,15,16,17,18,19
0,1,6,7,9,12,13,20
0,2,7,9,13,14,15,19
0,1,3,7,8,12,13,16
0,5,7,8,10,17,19,20
2,4,5,8,9,10,12,14,16,17,19,20
0,2,3,5,10,18,20
2,4,7,10,13,17
3,8,9,10,11,13,14,15,16,18
1,2,3,4,5,8,9,15
7,8,16
6
0,2,3,5,6,8,10,12,14,15,16,17,18,19,20
9,12,20
1,4,5,9,10,14,15,18,19,20
2,7,8,9,10,11,14,15,19,20
2,4,5,15,20
4,5,6,8,9,10,11,12,13,14,16,20
0,1,5,8,9,10,12,13,18,20
1,2,5,6,7,8,9,11,12,13,14,16,18,19,20
5,6,8,9,10,11,12,14,15,16,17,18,19,20
0,5,6,7,9,10,13,17,18,19
0,1,4,6,7,8,9,10,12,13,15,17,20
1,3,4,7,14,17,19
2,4,6,7,14,19
1,7,8,9,11,12,16
3,4,6,8,11,12,13,14,15,16,17,18,20
2,3,6,13,14,16,20
0,2,5,8,10,11,12,13,14,15,18,19
1,10,12,13,14,17,18
2,5,6,7,10,20
0,4,6,9,10,12,13,14,17,18,19
0,3,5,6,7,11,12,14,17,18,20
1,2,4,5,6,7,9,10,12,14,16,17,18,19
0,1,3,6,7,9,11,15,18,20
14,16,19,20
1,2,3,16
0,6,8,12,14,15,17,19
6,15
1
2,5,8,9,10,12,13,14,18,19,20
16
1,5,6,7,11,13,19
0,2,3,6,7,9,10,11,12,14,15,16,17,18
5,6,12,14,15
0,4,7,8,10,12,14,15,17,19
5,8,9,13,14,15,17
0,1,4,5,7,9,10,11,12,13,15,16
0,4,5,7,9,10,13,18,20
2,3,10,15,18,19,20
2,3,10,12,14,19
14
0,1,3,7,12,13,15
0
6,7,8,9,10,16,18,19
3,7,16
0,1,2,3,6,7,9,12,20
1,2,4,6,8,11,12,15,17
1,2,3,4,8,11,12,16,17,18
0,1,4,5,7,9,16,17,18,20
0,2,3,8,11,15,16,17,19
6,13,16
7,13
1,10,13,20
4,5,6,12,19
1,4,8,10,14,19
0,2,5,6,9,10,11,12,13,16,19,20
1,4,6,7,9,10,13,14,17
0,4,7,9,10,11,12,13,16,20
1,2,3,4,5,8,10,11,14,16,17,18,20
0,1,3,4,5,7,9,10,11,13,14,19
3,7,9,10,13,14,15,17,18,20
0,8,13,16,17,18
0,1,4,13,14,20
0,1,5,7,10,11,13,17,18,20
8
0,1,2,3,4,6,7,10,11,12,14,16,17,20
4,5,6,7,9,11,12,13,16,17,20
1,2,3,5,7,8,10,11,13,15,18,19
1,8
17
1,7,10,15,17,20
0,3,4,6,7,8,9,10,11,12,14,15,17,19,20
2
0,2,4,5,6,7,8,10,12,14,17,18
0,1,2,4,7,10,11,12,13,16,17,18
0,1,2,4,5,6,7,9,12,13,14,17,20
11
0,1,2,5,10
1,3,6,7,8,9,12,15,18,19,20
12,17,19
0,1,2,3,5,6,7,8,9,10,12,13,16,18,19,20
7,8
2,3,5,6,7,8,9,13,14,15,16,19,20
5,6,11,14,17
0,1,2,3,4,5,6,7,8,11,14,16
1,2,5,7,9,12,13,17,18
2,3,7,9,12,13,14,16,18
3,4,11,13,14
0,1,2,4,5,8,9,14,15
0,1,5,7,10,13,15,16
5,6,8,9,10,14,16,18
1,2,5,8,11,12,13,15,16,18,20
8,15,16,20
11,13,14
0,4,5,8,9,10,13,16,19
4,5,6,7,11,12,13,14,18,19
1,2,4,6,7,10,14,15,17
0,6,10,19
0,3,5,7,9,10,12,16,17,19,20
0,1,6,8,10,11,12,14,15,16,18,19
0,5,11,17
1,2,3,7,8,9,10,11,12,13,14,17,18,19
0,2,3,4,5,7,9,10,14,18,19
1,2,3,5,6,8,9,10,13,14,19
4,6
0,2,7,10,11,14,15,16,18,19
2,4,5,7,8,9,10,11,14,16,20
0,1,2,3,6,7,9,10,13,15,16,18
5,6,12,18
3,6,7,13,14,18,19,20
0,3,6,7,8,9,10,11,13,18,19,20
0,1,3,6,8,10,15,16,18,20
0,2,10,13,18,20
0,3,4,6,7,8,9,10,11,12,13,14,15
0,1,16
0,1,2,3,4,8,9,11,12,13,15,16,17,19
0,3,4,6,7,9,10,13,14,16,19
0,1,8,11,12,13,14,15,16
0,2,3,7,11,12,13,20
1,4,10,15,18,20
0,2,4,5,7,8,9,14,16,18,20
5
1,2,10,19,20
7,8,9,10,11,14,15,17,20
2,3,4,6,8,12,13,15,16
2,3,4,5,6,10,12,13,16,17,18,19
0,2,4,6,11,12,16,19
0,2,4,5,8,9,14,16,19,20
2,3,4,6,8,10,13,18
5,6,7,8,12,14,16,17,20
1,2,3,6,8,9,10,13,14,16,18,20
0,11
2,3,5,7,8,9,10,12,15,17,18,19
2,6,8,9,12,16,18,19
1,2,6,11
0,5,11,15
0,2,9,14,16,19
1,2,3,4,8,11,12,13,15,16,17,19,20
0,6,14
1,3,8,9,10,17
0,1,3,4,6,8,11,14,19,20
0,7,8
1
7,14
3,11,16
0,1,4,5,7,8,10,13,14,16,17,18,19,20
5,6,7,9,12,13,14,15,16,17
5,20
1,3,5,6
0,9,16,17
2,9,15,17,19
1,4,6,9,11,13,16,20
7,9,12,14,18
0,1,2,3,4,7,8,9,11,14,15,16,17,18,19
0,4,5,12
13,15,16
0,1,3,4,5,6,7,10,11,13,14,15,16,19,20
0,1,6,7,9,11,12,13,18,19
2,3,8,9,11,13,19,20
0,4,5,6,7,11,12,13,14,15,16,17,19
1,2,3,5,6,10,11,13,16,18,19,20
0,2,3,4,7,10,12,13,14,16,19,20
7,9,12,17
0,2,3,4,6,9,11,12,13,14,17,20
19
0,1,2,6,7,10,12,13,16,19,20
0,3,5,7,9,11,14,16,17,18,20
1,2,6,8,14,15,16,17,18
1,3,6,8,12,13,14,15,16,18
1,4,5,7,8,10,13,14,18
2,3,4,5,6,8,12,13,15,18,19
2,7,8,10,11,12,15
0,6,10,14,17,19,20
0,2,3,4,7,8,10,12,14,15,19,20
8
1,3,4,11,14,16,17,19,20
0,2,4,7,9,10,12,13,16,18
1,9,14,18,19
0,2,3,14,15,19
10,18,20
0,1,2,4,6,7,8,9,13,14,15,16,17,18,20
2,18
0,2,3,7,8,9,10,11,12,17,18,20
4,12,15,19
1,2,4,7,8,9,11,12,13,16,18,19
6,9,10,11,13
0,1,4,5,9,10,13,14,15,16,18,20
1,6,7,8,9,10,12,13,15,16,18,20
0,2,3,5,6,10,11,12,13,20
0,1,2,3,5,12,17,18,19
0,3,4,10,13,14,15,16,17,19
0,5,6
0,1,3,4,18
5,9,10,20
2,3,4,6,7,10,12,15,18
0,2,3,5,10,12,13,15,16,17,19,20
9,14,16,19
2,3,4,7,9,11,12,13,14,18
0,3,4,5,9,10,11,12,18,19,20
0,3,7,8,9,11,13,15,16,17,18
0,3,4,5,6,9,12,13,14,15,16,17,18,19
0,1,2,4,7,8,13,14,17
0,5,6,8,12,16,18,19
0,1,3,4,8,10,13,17
1,2,7,8,9,11,14,16
1,2,3,5,6,7,10,12,13,15,16,17
0,5,13,16,17,19,20
2
1,3,4,6,7,12,13,16,17,18
1,2,6,8,9,10,13,14,15,17,18,19,20
0,4,11,12,17
3,4,10,14,16,17,18,20
0,2,10,12,16
2,4,5,6,7,13,17,20
13,19
0,1,2,3,4,7,8,12,13,18,20
1,4,8,10,12,13,15,17
2,3,5,14
0,1,2,3,4,6,8,10,12,14,15,16,17,18
0,2,4,5,6,9,12,13,15,19
4,10,13,14
1,4,6,9,10,14,18
6,14,16,19,20
8,10,18,20
12,19
1,3,8,18,19
1,2,5,7,8,9,10,13,15,16,17,19,20
4,5,7,8,11,12,13,15,16,17,18,19,20
4
11
4,6,7,12,19
0,3,7,10,16
0,7,8,10,11,12,13,15,16,17,18,19
4,7,9,10,11,12,15,18
2,4,6,8,10,11,14,15,16,20
1,7,12,13
0,2,3,4,6,10,11,13,14,15,16,19,20
0,5,6,7,8,10,11,16,17,18,19,20
1,3,9,12,20
1,3,4,5,7,8,10,13,14,19
1,3,4,5,7,10,12,13,20
2
2,3,9,10,20
9,15
1,6,9,20
1,2,3,5,9,12,14,16,19,20
11,15,18
1,2,3,10,11,14,15,19
2,8,15
0,1,4,5,6,8,11,12,13,15,18
18
0,13,15,17
10
1,2,3,4,8,9,12,18
2,4,8,11,12,13,15,17,19
0,3,4,5,7,8,11,13,15,17,19
1,4,6,7,9,10,11,13,14,16,17,18,19
1,4,5,8,11,13,18,19
3,5,8,12,13,16,17
3
0,5,6,8,9,11,15,16,20
0,3,7,11,18,19,20
2,3,5,7,10,11,13,15,16,18,20
1,4,6,8,9,11,15,16,18,19
6,9,11,12,14,16,18,19
0,2,3,5,6,8,10,11,12,16,17,19,20
6,7,8,12,18,19
0,1,2,3,4,5,8,10,12,17,18
1,3,4,9,18
2,3,5,6,7,9,11,13,14,16,19
14
1,3,7,9,13,14,15,16,17,18,20
2,3,4,17,18,19
7,16,17,18,19
2,3,4,8,9,11,14,15,16,17,19
7,17,19
7,8,11,14
1,2,3,9,10,15
1,2,9,12,15,18,19
2,4,5,7,8,9,10,11,16,18,19,20
0,3,4,5,7,10,12,13,14,16,19
2,5,6,11,13,14,19,20
0,5,6,7,9,12
1,2,4,7,8,10,11,13,14,15,16,17,19
2,4,5,7,9,10,12,15,16,18,19,20
12
2,4,6,13,15,17
4,6,10,12,14,16,19
3,4,5,7,9,10,11,12,14,16,17,18,19,20
3,6,9,16,20
0,1,2,5,8,11,13,15,16,17,18,20
1,2,4,7,14,19,20
1
0,1,5,6,8,9,13,14,17
0,2,5,7,8,10,13,15,16,20
6,8,9,11,12,19
3,4,5,10,13,14,15,18,19,20
0,1,2,5,8,16
1,4,7,9,12,15,16,17,18,19
18
0,1,4,5,10,11,12,13,17,18,19
1,2,5,8,13,15,16
7,10,15,16
1,3,4,8,10,11,17,20
0,1,2,3,5,6,15,16,17
2,12,14
0,1,2,3,4,7,8,10,11,14,18,20
1,7,9
1,2,4,6,7,9,10,11,13,14,15,16,17
7,9,13,15,16,17,20
0,1,2,4,7,8,10,12,14,16
3,4,6,7,8,9,11,13,14,15,18,19,20
1,6,7,8,10,11,12,14,16,17
1,5,8,17,20
0,1,3,5,8,9,11,12,16,20
0,2,3,4,5,6,7,9,10,12,13,18
0,1,2,3,4,5,7,11,12,13,14,17,18,19
2,3,6,7,10,11,13,14,16,17,18
1,17
2,6,7,9,11,14,16,18
1,3
2,3,4,7,8,10,11,12,18,19,20
0,1,2,3,6,7,8,10,11,14,15,16,18
0,1,4,5,7,9,11,12,14,15,18,20
1,5,8,10,12,13,15,19
0,1,2,3,4,5,10,14,17
0,3,4,5,6,9,10,12,13,14,16,18,20
2,3,8,10,12,13,17,20
0,2,3,4,6,7,12,15,16,19,20
2,3,4,8,9,11,12,14
0,1,2,4,5,7,9,11,12,13,16,17
0,1,6,9,10,12,13,17
1,12
11,12,17,19
0,1,5,6,9,10,12,19
4,5,12,13,17,18,20
3,7,8,9,11,15,16,19,20
0,1,2,4,8,10,11,15,17,18,19,20
12,13,19
3,5,10,16,17,19
0,1,2,5,7,8,9,10,12,14,15,16,17,18,19
0,2,3,5,6,7,9,10,11,12,15,18,20
0,1,3,9,10,11,15,20
2,3,6,7,11,13,14,15,16,18,19,20
5,8,11
0,1,2,3,4,7,9,10,11,12,15,16,19,20
2,5,14
1,3,5,6,8,9,10,11,12,15,17
5,7,8,9,15,16,18,20
0,1,2,4,6,8,9,10,11,13,14,15,17,19
4,9,10,11,15,16,19
16,18
4,5,6,7,9,11,13,15,17,18,19
1,5,6,7,11,15,17,20
3,4,7,9,10,12,15,20
0,1,2,3,4,5,6,7,8,12,13,14,19,20
0,2,4,6,9,10,15,18,19
3,4,5,10,11,15,20
1,2,3,4,5,7,10,15,16,19,20
0,2,3,4,5,7,12,14,16,18,19,20
0,2,3,4,8,16,19,20
0,2,4,5,7,8,11,17,19,20
0,12,19
0,1,2,4,13,15,17
0,3,7,8,9,10,11,12,13,14,15,16,17,18
1,3,6,8,9,10,11,12,16,18,19,20
3,4,5,7,8,9,10,11,12,13,14,17,18,19
1,2,3,4,5,7,8,9,10,11,13,14,16,17,18,20
0,1,3,7,9,14,18,19,20
6,18
7,8,9,11,15
1,5,14
1,2,3,4,5,6,7,8,12,13,16,17
3,4,7,10,11,12,15,16,17,19,20
5,12,18,19,20
0,1,2,3,6,9,10,11,12,14,16,17,19
8,14,15,16,17,18
0,3,5,8,13,18
0,1,6,7,11,13,15,17,19,20
2,3,5,6,7,8,9,12,13,14,17,18
2,4
3,7,8,9,13,16,17,20
0,1,4,6,7,13,14
10
1,2,4,20
2,3,8
3,10
16
1,2,3,4,5,6,7,9,10,15,17
9,10,11,12,18,19
0,1,2,4,9,11,15,17,18,19
0,1,3,5,6,7,8,10,11,12,13,14,15,16,17,18,19
0,5,9,16,17,19,20
1,4,6,7,8,11,12,17
3,5,14
1,2,4,5,7,9,11,13,15,17,18
9,16,18
0,1,4,5,7,8,11,12,14,16,17,19,20
2,10,18
0,1,2,3,4,5,6,9,10,12,13,14,15,17,18,20
0,2,4,5,6,9,10,11,13,14,15,20
0,2,3,5,6,9,10,12,15,16,17,18,20
3,5,8,9,11,15,16,17
0,1,3,8,12,14,19
2,3
3,7,11,12,17,18
4,5,8,9,12,14,17,18,19,20
7
0,2,5,7,8,12,13,14,17,19
1,4,8,9,12,13,15,17
6,7,11,20
0,2,3,4,5,6,10,12,13,14,15,16,17,18
1,4,5,7,9,11,12,13,15,17
20
2,3,4,5,7,8,10,15,16,17,18,20
0,1,2,5,6,9,10,13,14,15,16,19
13
0,4,6,10,16,17,18,19
16
0,1,3,4,5,6,7,8,9,13,15,16,18,20
0,4,7,9,12,14,17
0,1,4,6,7,8,9,10,13,15,18
3,5,9,10,14,15,16,18,19
0,1,2,3,4,6,7,9,10,11,12,18,19
0,3,5,6,10,11,14,16,18,19
1,3,11,13,15,16,18,20
0,15,20
1,2,3,4,5,6,7,10,11,12,14,16,17,18,19
1,4,5,6,7,9,10,12,15,16,17,18,19
0,1,2,5,6,8,10,11,12,15,19
0,3,4,6,7,9,11,12,16,18,19
0,1,3,5,6,9,10,11,14,15,16,19
8,9,14
1,2,3,4,5,7,9,10,11,12,13,15,16,17,18,20
0,3,7,9,10,11,12,13,15,17,19,20
1,3,13,14,16,18,20
2,4,9,10,15,18,20
3,6,7,8,9,10,11,14,15,19,20
1,2,3,4,5,7,9,10,11,12,15,17,18
4,5,6,7,9,10,11,13,16,17,20
0,2,3,4,7,8,10,13,14,15,19
0,1,2,3,4,7,9,10,11,18,19
2,10,17
1,2,4,5,8,9,12,13,14,16,18,20
0,1,2,9,17
4,9,11
1,12,13,15,16,19,20
0,1,3,4,7,8,9,11,12,20
19
17
2,3,6,8,11,12,13,15,19,20
0,12
0,1,5,8,10,11,20
0,1,2,7,9,10,16,17,19
6
0,1,2,4,7,9,10,12,13,19,20
3,9,16
0,3,5,7,8,13,14,15,16,18,19
5,8,9,10,16,19,20
1,6,7,9,13,14,15,19,20
0,1,3,7,9,10,14,15,16,17,18,19
11
0,7,10,11,12,13,14,15,16,18,19,20
1
1,2,3,4,7,8,9,11,12,16,18,20
1,2,7,8,15,17
9,16,18
3,4,5,8,12,14,15
7,8,16,17,18,19
0,2,4,5,8,10,11,12,13,18
0,1,2,4,7,10,12,14,17,19,20
2,5,6,7,10,11,12,13,15,17,18,19
2,9,13
0,1,2,3,4,6,8,9,11,13,15,17,18
0,1,2,5,12,14,15,16,17
1,6,7,9,12,15,17
1,5,6,7,12,13,15,16,17,18,19
1,7,9,17
0,2,3,6,9,11,13,14,16,18,20
0,1,2,4,5,6,7,8,14,17,20
0,2,5,9,11,12,14,15,16,17,20
1,6,8,9,11,15,19
0,9,19
0,2,4,5,6,11,12,14,20
4,8,9,12,15,16,17,20
1,5,13,18
0,1,4,5,6,7,8,11,12,15,16,18,20
0,2,3,4,5,7,8,10,11,14,15,16,17,19
2,3,4,7,8,15,18,20
1,3,5,7,8,9,12,13,15,18,19
1,3,4,8,11,14,15,16,17
0,1,2,3,6,7,8,9,10,13,14,17,19
0,2,4,5,6,8,10,13,14,15,16,17,19,20
1,4,7,10,11,12,14,15,16,18,19
3,10,14,16,19,20
12,13,18
1,2,7,8,9,12,20
0,5,16
2
0,2,3,4,5,9,11,12,15,16,20
0,1,3,5,6,7,12,13,15,18,20
2,3,4,9,10,12,16
2,5,7,13,14,15,16,17,18
7,11,18
4,5,10,14,15,17,20
1,2,4,5,6,7,8,10,12,13,15,16,17,18
0,3,5,8,14,17,18,20
0,4,9,11,13,19,20
4,5,6,10,11,12,15,19,20
4,8,16
8,9,14,15,16,17,18,19
0,1,2,4,6,10,11,14,18
1,2,3,5,6,8,11,12,17,19,20
1,5,7,8,9,11,12,13,14,15,16,18,19
6,9,11,12,15
1,2,3,4,5,6,8,9,11,12,17
1,2,6,7,8,10,11,13,14,16,19
4,9,13,19,20
4,20
0,4,5,14,15,17
5,13
2,3,6,10,11,16
0,1,5,11,12,13,15,16,18,19,20
0,1,2,3,4,5,7,8,10,11,12,13,16,18,20
1,2,3,4,10,11,12,13,14,15,18,20
0,1,2,3,4,6,7,8,12,13,15,16,17,19
9,17,19
11
16
0,3,7,8,10,12,13,18,19
1,2,3,6,7,11,14,20
1,3,5,6,8,9,10,14,15,16
0,1,3,5,6,7,8,9,11,14,17,19
2,5,6,9,11,12,15,16,17,18,19
0,1,7,9,10,14,15,17,20
4,7,8,9,11,15,17
1,3,15,20
2,3,8,9,11,14,17,20
2,7,14,15,16
0,1,2,3,4,5,11,13,14,17,18,19,20
0,14
8,9,13,14
3,5,7,8,9,12,13,15,17,18
0,2,4,5,6,9,10,11,12,16,17,19
1,3,4,7,10,11,12,16,18,19,20
1,5,10,15,16
2,7,8,9,10,14,15,16,17,18
5,6,9,14,19
1,4,6,7,8,9,11,12,14,17,18
6,9,12,13,15,20
1,2,4,6,7,8,9,11,13,15,16,17,19
6,9,10,11,13,17
2,3,4,5,6,8,11,12,15,17,18,19
0,3,4,8,9,11,12,13,15,16,17,20
2,3,6,11,12,16,17,18
0,2,3,6,8,9,10,11,12,16,19
1,3,4,8,10,13,14,16,17,18,19,20
0,2,5,6,8,9,13,18,19
0,1,2,3,5,8,9,14,15,17,19
3,4,5,6,7,8,10,13,14,17,18
0,1,3,4,5,6,8,14,15,17,18,19
1,2,3,5,6,7,8,11,13,15,17,19
0,3,5,6,8,9,10,11,12,17,20
5,7,8,10,15,16,18
1,2,3,6,7,11,12,14,15,16,17,20
4,7,9,13,14,15,18,19
1,3,5,12,13,15,19
0,3,4,5,6,13,14,15,18,19
1,4,5,6,7,8,12,14,15,17,20
0,1,2,3,4,6,10,11,12,13,16,17,19
2,7,13,15
15,17
2,7,8,9,11,12,13,14,17,18,20
0,18
2,3,4,8,10,12,13,14,16,17,18,19,20
0,1,5,6,7,14,15,17,18,19
0,2,5,6,9,12,13,14,17,19
15
3,4,6,7,10,11,13
0,1,2,3,4,5,8,10,12,14,15,16,17,19,20
1,3,4,5,6,7,8,9,11,12,14,16,17,18,20
0,2,4,5,9,16,20
1,13,18
0,3,7,9,10,12,13,14,16,17,20
0,7,8,11,13,15,16,17
3,5,7,10,13,14,16,17,18,20
4,6
4,6,13,20
1,4,10,13,17,18,19
3,4,9,10,11,13,15,19,20
1,2,6,7,8,9,11,12,13,14,16,17,18,20
3,4,5,7,8,9,13,14,15,19
0,1,2,3,4,7,8,11,12,13,20
2,6,10,11,12,14,17,18,19
4,5,6,13
1,3,5,8,11,12,13,14,15,16,18
2,5,10,12,13,17
0,6,7,8,9,13,14,15
0,1,2,5,7,9,10,13,14,16,17,18,19,20
